     1        0    32400   0.000
     2    29358    32400   0.020
     3    58715    32400   0.040
     4    88072    32400   0.060
     5   117429    33154   0.080
     6   146786    33154   0.100
     7   176143    33154   0.120
     8   205500    34263   0.140
     9   234857    34263   0.160
    10   264214    34263   0.180
    11   293571    34263   0.200
    12   322928    35557   0.220
    13   352285    35557   0.240
    14   381642    35557   0.260
    15   410999    36903   0.280
    16   440356    36903   0.300
    17   469713    36903   0.320
    18   499070    36903   0.340
    19   528427    38288   0.360
    20   557784    38288   0.380
    21   587141    38288   0.400
    22   616498    39723   0.420
    23   645855    39723   0.440
    24   675212    39723   0.460
    25   704569    39723   0.480
    26   733926    41229   0.500
    27   763283    41229   0.520
    28   792640    41229   0.540
    29   821997    42753   0.560
    30   851354    42753   0.580
    31   880711    42753   0.600
    32   910068    42753   0.620
    33   939425    44266   0.640
    34   968782    44266   0.660
    35   998139    44266   0.680
    36  1027496    45814   0.700
    37  1056853    45814   0.720
    38  1086210    45814   0.740
    39  1115567    45814   0.760
    40  1144924    47342   0.780
    41  1174281    47342   0.800
    42  1203638    47342   0.820
    43  1232995    48919   0.840
    44  1262352    48919   0.860
    45  1291709    48919   0.880
    46  1321066    48919   0.900
    47  1350423    50522   0.920
    48  1379780    50522   0.940
    49  1409137    50522   0.960
    50  1438494    52166   0.980
    51  1467851    52166   1.000
    52  1497208    52166   1.020
    53  1526565    52166   1.040
    54  1555922    53784   1.060
    55  1585279    53784   1.080
    56  1614636    53784   1.100
    57  1643993    55428   1.120
    58  1673350    55428   1.140
    59  1702707    55428   1.160
    60  1732064    55428   1.180
    61  1761421    57085   1.200
    62  1790778    57085   1.220
    63  1820135    57085   1.240
    64  1849492    58714   1.260
