      1000   0.001 -0.952E+11 -0.968E+11
      2000   0.001 -0.157E+12 -0.156E+12
      3000   0.002 -0.214E+12 -0.214E+12
      4000   0.003 -0.258E+12 -0.259E+12
      5000   0.003 -0.290E+12 -0.290E+12
      6000   0.004 -0.309E+12 -0.310E+12
      7000   0.005 -0.317E+12 -0.318E+12
      8000   0.005 -0.320E+12 -0.321E+12
      9000   0.006 -0.322E+12 -0.322E+12
     10000   0.007 -0.322E+12 -0.322E+12
     11000   0.007 -0.320E+12 -0.322E+12
     12000   0.008 -0.318E+12 -0.320E+12
     13000   0.009 -0.317E+12 -0.317E+12
     14000   0.010 -0.316E+12 -0.316E+12
     15000   0.010 -0.317E+12 -0.317E+12
     16000   0.011 -0.316E+12 -0.317E+12
     17000   0.012 -0.315E+12 -0.315E+12
     18000   0.012 -0.313E+12 -0.312E+12
     19000   0.013 -0.312E+12 -0.306E+12
     20000   0.014 -0.312E+12 -0.301E+12
     21000   0.014 -0.311E+12 -0.295E+12
     22000   0.015 -0.310E+12 -0.293E+12
     23000   0.016 -0.303E+12 -0.292E+12
     24000   0.016 -0.299E+12 -0.287E+12
     25000   0.017 -0.295E+12 -0.285E+12
     26000   0.018 -0.290E+12 -0.282E+12
     27000   0.018 -0.285E+12 -0.280E+12
     28000   0.019 -0.282E+12 -0.279E+12
     29000   0.020 -0.280E+12 -0.277E+12
     30000   0.020 -0.281E+12 -0.278E+12
     31000   0.021 -0.277E+12 -0.276E+12
     32000   0.022 -0.279E+12 -0.274E+12
     33000   0.022 -0.278E+12 -0.274E+12
     34000   0.023 -0.276E+12 -0.274E+12
     35000   0.024 -0.278E+12 -0.272E+12
     36000   0.025 -0.277E+12 -0.279E+12
     37000   0.025 -0.275E+12 -0.282E+12
     38000   0.026 -0.274E+12 -0.292E+12
     39000   0.027 -0.279E+12 -0.287E+12
     40000   0.027 -0.276E+12 -0.288E+12
     41000   0.028 -0.275E+12 -0.289E+12
     42000   0.029 -0.273E+12 -0.287E+12
     43000   0.029 -0.267E+12 -0.290E+12
     44000   0.030 -0.268E+12 -0.292E+12
     45000   0.031 -0.267E+12 -0.292E+12
     46000   0.031 -0.264E+12 -0.295E+12
     47000   0.032 -0.262E+12 -0.298E+12
     48000   0.033 -0.263E+12 -0.299E+12
     49000   0.033 -0.258E+12 -0.307E+12
     50000   0.034 -0.261E+12 -0.302E+12
     51000   0.035 -0.264E+12 -0.289E+12
     52000   0.035 -0.272E+12 -0.278E+12
     53000   0.036 -0.272E+12 -0.281E+12
     54000   0.037 -0.271E+12 -0.277E+12
     55000   0.037 -0.272E+12 -0.287E+12
     56000   0.038 -0.271E+12 -0.284E+12
     57000   0.039 -0.272E+12 -0.282E+12
     58000   0.040 -0.272E+12 -0.288E+12
     59000   0.040 -0.272E+12 -0.288E+12
     60000   0.041 -0.270E+12 -0.282E+12
     61000   0.042 -0.272E+12 -0.280E+12
     62000   0.042 -0.269E+12 -0.279E+12
     63000   0.043 -0.260E+12 -0.299E+12
     64000   0.044 -0.263E+12 -0.279E+12
     65000   0.044 -0.259E+12 -0.284E+12
     66000   0.045 -0.259E+12 -0.290E+12
     67000   0.046 -0.264E+12 -0.283E+12
     68000   0.046 -0.256E+12 -0.292E+12
     69000   0.047 -0.256E+12 -0.296E+12
     70000   0.048 -0.257E+12 -0.295E+12
     71000   0.048 -0.262E+12 -0.291E+12
     72000   0.049 -0.256E+12 -0.290E+12
     73000   0.050 -0.259E+12 -0.289E+12
     74000   0.050 -0.256E+12 -0.287E+12
     75000   0.051 -0.259E+12 -0.287E+12
     76000   0.052 -0.259E+12 -0.286E+12
     77000   0.052 -0.257E+12 -0.284E+12
     78000   0.053 -0.255E+12 -0.283E+12
     79000   0.054 -0.259E+12 -0.282E+12
     80000   0.055 -0.256E+12 -0.284E+12
     81000   0.055 -0.257E+12 -0.281E+12
     82000   0.056 -0.261E+12 -0.278E+12
     83000   0.057 -0.260E+12 -0.283E+12
     84000   0.057 -0.261E+12 -0.264E+12
     85000   0.058 -0.263E+12 -0.267E+12
     86000   0.059 -0.255E+12 -0.276E+12
     87000   0.059 -0.261E+12 -0.267E+12
     88000   0.060 -0.266E+12 -0.263E+12
     89000   0.061 -0.258E+12 -0.272E+12
     90000   0.061 -0.259E+12 -0.267E+12
     91000   0.062 -0.267E+12 -0.265E+12
     92000   0.063 -0.263E+12 -0.267E+12
     93000   0.063 -0.262E+12 -0.262E+12
     94000   0.064 -0.265E+12 -0.261E+12
     95000   0.065 -0.263E+12 -0.263E+12
     96000   0.065 -0.263E+12 -0.262E+12
     97000   0.066 -0.264E+12 -0.262E+12
     98000   0.067 -0.262E+12 -0.262E+12
     99000   0.067 -0.262E+12 -0.273E+12
    100000   0.068 -0.260E+12 -0.273E+12
    101000   0.069 -0.262E+12 -0.264E+12
    102000   0.069 -0.266E+12 -0.263E+12
    103000   0.070 -0.313E+12 -0.303E+12
    104000   0.071 -0.292E+12 -0.266E+12
    105000   0.072 -0.269E+12 -0.264E+12
    106000   0.072 -0.258E+12 -0.259E+12
    107000   0.073 -0.256E+12 -0.252E+12
    108000   0.074 -0.262E+12 -0.256E+12
    109000   0.074 -0.263E+12 -0.255E+12
    110000   0.075 -0.253E+12 -0.249E+12
    111000   0.076 -0.251E+12 -0.247E+12
    112000   0.076 -0.250E+12 -0.245E+12
    113000   0.077 -0.246E+12 -0.242E+12
    114000   0.078 -0.250E+12 -0.244E+12
    115000   0.078 -0.244E+12 -0.241E+12
    116000   0.079 -0.241E+12 -0.233E+12
    117000   0.080 -0.239E+12 -0.232E+12
    118000   0.080 -0.237E+12 -0.232E+12
    119000   0.081 -0.237E+12 -0.230E+12
    120000   0.082 -0.238E+12 -0.238E+12
    121000   0.082 -0.240E+12 -0.234E+12
    122000   0.083 -0.238E+12 -0.234E+12
    123000   0.084 -0.239E+12 -0.231E+12
    124000   0.084 -0.236E+12 -0.236E+12
    125000   0.085 -0.236E+12 -0.228E+12
    126000   0.086 -0.232E+12 -0.227E+12
    127000   0.087 -0.233E+12 -0.226E+12
    128000   0.087 -0.232E+12 -0.224E+12
    129000   0.088 -0.233E+12 -0.224E+12
    130000   0.089 -0.232E+12 -0.224E+12
    131000   0.089 -0.233E+12 -0.224E+12
    132000   0.090 -0.233E+12 -0.224E+12
    133000   0.091 -0.234E+12 -0.224E+12
    134000   0.091 -0.234E+12 -0.229E+12
    135000   0.092 -0.234E+12 -0.225E+12
    136000   0.093 -0.234E+12 -0.224E+12
    137000   0.093 -0.235E+12 -0.225E+12
    138000   0.094 -0.236E+12 -0.227E+12
    139000   0.095 -0.236E+12 -0.227E+12
    140000   0.095 -0.235E+12 -0.226E+12
    141000   0.096 -0.236E+12 -0.227E+12
    142000   0.097 -0.235E+12 -0.225E+12
    143000   0.097 -0.233E+12 -0.224E+12
    144000   0.098 -0.234E+12 -0.223E+12
    145000   0.099 -0.234E+12 -0.224E+12
    146000   0.099 -0.236E+12 -0.227E+12
    147000   0.100 -0.235E+12 -0.225E+12
    148000   0.101 -0.236E+12 -0.225E+12
    149000   0.102 -0.236E+12 -0.226E+12
    150000   0.102 -0.236E+12 -0.225E+12
    151000   0.103 -0.237E+12 -0.226E+12
    152000   0.104 -0.237E+12 -0.227E+12
    153000   0.104 -0.238E+12 -0.228E+12
    154000   0.105 -0.239E+12 -0.228E+12
    155000   0.106 -0.240E+12 -0.229E+12
    156000   0.106 -0.240E+12 -0.230E+12
    157000   0.107 -0.240E+12 -0.230E+12
    158000   0.108 -0.241E+12 -0.232E+12
    159000   0.108 -0.240E+12 -0.229E+12
    160000   0.109 -0.239E+12 -0.230E+12
    161000   0.110 -0.240E+12 -0.229E+12
    162000   0.110 -0.241E+12 -0.230E+12
    163000   0.111 -0.241E+12 -0.230E+12
    164000   0.112 -0.241E+12 -0.231E+12
    165000   0.112 -0.242E+12 -0.231E+12
    166000   0.113 -0.242E+12 -0.232E+12
    167000   0.114 -0.242E+12 -0.231E+12
    168000   0.114 -0.243E+12 -0.233E+12
    169000   0.115 -0.247E+12 -0.236E+12
    170000   0.116 -0.245E+12 -0.233E+12
    171000   0.116 -0.245E+12 -0.237E+12
    172000   0.117 -0.248E+12 -0.236E+12
    173000   0.118 -0.247E+12 -0.235E+12
    174000   0.119 -0.245E+12 -0.237E+12
    175000   0.119 -0.244E+12 -0.234E+12
    176000   0.120 -0.245E+12 -0.235E+12
    177000   0.121 -0.245E+12 -0.235E+12
    178000   0.121 -0.245E+12 -0.235E+12
    179000   0.122 -0.245E+12 -0.234E+12
    180000   0.123 -0.245E+12 -0.235E+12
    181000   0.123 -0.246E+12 -0.236E+12
    182000   0.124 -0.246E+12 -0.235E+12
    183000   0.125 -0.246E+12 -0.236E+12
    184000   0.125 -0.246E+12 -0.236E+12
    185000   0.126 -0.247E+12 -0.236E+12
    186000   0.127 -0.247E+12 -0.237E+12
    187000   0.127 -0.247E+12 -0.237E+12
    188000   0.128 -0.248E+12 -0.238E+12
    189000   0.129 -0.248E+12 -0.238E+12
    190000   0.129 -0.249E+12 -0.239E+12
    191000   0.130 -0.249E+12 -0.239E+12
    192000   0.131 -0.250E+12 -0.240E+12
    193000   0.131 -0.251E+12 -0.241E+12
    194000   0.132 -0.251E+12 -0.241E+12
    195000   0.133 -0.253E+12 -0.243E+12
    196000   0.134 -0.254E+12 -0.244E+12
    197000   0.134 -0.254E+12 -0.243E+12
    198000   0.135 -0.253E+12 -0.243E+12
    199000   0.136 -0.253E+12 -0.243E+12
    200000   0.136 -0.253E+12 -0.243E+12
    201000   0.137 -0.253E+12 -0.242E+12
    202000   0.138 -0.254E+12 -0.243E+12
    203000   0.138 -0.254E+12 -0.243E+12
    204000   0.139 -0.254E+12 -0.244E+12
    205000   0.140 -0.255E+12 -0.246E+12
    206000   0.140 -0.327E+12 -0.330E+12
    207000   0.141 -0.278E+12 -0.274E+12
    208000   0.142 -0.272E+12 -0.299E+12
    209000   0.142 -0.259E+12 -0.260E+12
    210000   0.143 -0.256E+12 -0.256E+12
    211000   0.144 -0.250E+12 -0.258E+12
    212000   0.144 -0.247E+12 -0.256E+12
    213000   0.145 -0.248E+12 -0.253E+12
    214000   0.146 -0.244E+12 -0.250E+12
    215000   0.146 -0.244E+12 -0.248E+12
    216000   0.147 -0.239E+12 -0.245E+12
    217000   0.148 -0.238E+12 -0.242E+12
    218000   0.149 -0.238E+12 -0.239E+12
    219000   0.149 -0.236E+12 -0.236E+12
    220000   0.150 -0.233E+12 -0.234E+12
    221000   0.151 -0.232E+12 -0.234E+12
    222000   0.151 -0.231E+12 -0.234E+12
    223000   0.152 -0.231E+12 -0.235E+12
    224000   0.153 -0.231E+12 -0.234E+12
    225000   0.153 -0.233E+12 -0.237E+12
    226000   0.154 -0.230E+12 -0.235E+12
    227000   0.155 -0.231E+12 -0.234E+12
    228000   0.155 -0.229E+12 -0.235E+12
    229000   0.156 -0.231E+12 -0.232E+12
    230000   0.157 -0.233E+12 -0.235E+12
    231000   0.157 -0.233E+12 -0.234E+12
    232000   0.158 -0.233E+12 -0.233E+12
    233000   0.159 -0.229E+12 -0.233E+12
    234000   0.159 -0.228E+12 -0.231E+12
    235000   0.160 -0.228E+12 -0.231E+12
    236000   0.161 -0.229E+12 -0.232E+12
    237000   0.161 -0.228E+12 -0.233E+12
    238000   0.162 -0.230E+12 -0.231E+12
    239000   0.163 -0.228E+12 -0.240E+12
    240000   0.164 -0.227E+12 -0.260E+12
    241000   0.164 -0.227E+12 -0.261E+12
    242000   0.165 -0.235E+12 -0.257E+12
    243000   0.166 -0.236E+12 -0.252E+12
    244000   0.166 -0.233E+12 -0.246E+12
    245000   0.167 -0.235E+12 -0.232E+12
    246000   0.168 -0.232E+12 -0.239E+12
    247000   0.168 -0.233E+12 -0.234E+12
    248000   0.169 -0.230E+12 -0.240E+12
    249000   0.170 -0.231E+12 -0.237E+12
    250000   0.170 -0.240E+12 -0.238E+12
    251000   0.171 -0.233E+12 -0.235E+12
    252000   0.172 -0.234E+12 -0.233E+12
    253000   0.172 -0.233E+12 -0.236E+12
    254000   0.173 -0.235E+12 -0.236E+12
    255000   0.174 -0.237E+12 -0.238E+12
    256000   0.174 -0.238E+12 -0.238E+12
    257000   0.175 -0.244E+12 -0.244E+12
    258000   0.176 -0.240E+12 -0.236E+12
    259000   0.176 -0.242E+12 -0.241E+12
    260000   0.177 -0.245E+12 -0.242E+12
    261000   0.178 -0.237E+12 -0.236E+12
    262000   0.178 -0.241E+12 -0.238E+12
    263000   0.179 -0.236E+12 -0.235E+12
    264000   0.180 -0.236E+12 -0.234E+12
    265000   0.181 -0.235E+12 -0.234E+12
    266000   0.181 -0.235E+12 -0.234E+12
    267000   0.182 -0.235E+12 -0.235E+12
    268000   0.183 -0.235E+12 -0.235E+12
    269000   0.183 -0.235E+12 -0.235E+12
    270000   0.184 -0.237E+12 -0.236E+12
    271000   0.185 -0.236E+12 -0.236E+12
    272000   0.185 -0.237E+12 -0.237E+12
    273000   0.186 -0.241E+12 -0.239E+12
    274000   0.187 -0.238E+12 -0.241E+12
    275000   0.187 -0.241E+12 -0.241E+12
    276000   0.188 -0.240E+12 -0.241E+12
    277000   0.189 -0.241E+12 -0.240E+12
    278000   0.189 -0.241E+12 -0.242E+12
    279000   0.190 -0.239E+12 -0.241E+12
    280000   0.191 -0.241E+12 -0.241E+12
    281000   0.191 -0.240E+12 -0.242E+12
    282000   0.192 -0.241E+12 -0.243E+12
    283000   0.193 -0.242E+12 -0.243E+12
    284000   0.193 -0.242E+12 -0.244E+12
    285000   0.194 -0.244E+12 -0.245E+12
    286000   0.195 -0.246E+12 -0.246E+12
    287000   0.196 -0.245E+12 -0.247E+12
    288000   0.196 -0.245E+12 -0.246E+12
    289000   0.197 -0.245E+12 -0.245E+12
    290000   0.198 -0.245E+12 -0.246E+12
    291000   0.198 -0.245E+12 -0.246E+12
    292000   0.199 -0.246E+12 -0.246E+12
    293000   0.200 -0.246E+12 -0.247E+12
    294000   0.200 -0.247E+12 -0.247E+12
    295000   0.201 -0.247E+12 -0.247E+12
    296000   0.202 -0.247E+12 -0.248E+12
    297000   0.202 -0.247E+12 -0.248E+12
    298000   0.203 -0.250E+12 -0.250E+12
    299000   0.204 -0.250E+12 -0.250E+12
    300000   0.204 -0.249E+12 -0.250E+12
    301000   0.205 -0.249E+12 -0.250E+12
    302000   0.206 -0.248E+12 -0.249E+12
    303000   0.206 -0.247E+12 -0.249E+12
    304000   0.207 -0.248E+12 -0.249E+12
    305000   0.208 -0.248E+12 -0.249E+12
    306000   0.208 -0.249E+12 -0.250E+12
    307000   0.209 -0.261E+12 -0.250E+12
    308000   0.210 -0.265E+12 -0.253E+12
    309000   0.211 -0.266E+12 -0.267E+12
    310000   0.211 -0.281E+12 -0.274E+12
    311000   0.212 -0.267E+12 -0.259E+12
    312000   0.213 -0.258E+12 -0.256E+12
    313000   0.213 -0.260E+12 -0.255E+12
    314000   0.214 -0.256E+12 -0.258E+12
    315000   0.215 -0.255E+12 -0.260E+12
    316000   0.215 -0.256E+12 -0.247E+12
    317000   0.216 -0.250E+12 -0.244E+12
    318000   0.217 -0.248E+12 -0.246E+12
    319000   0.217 -0.251E+12 -0.248E+12
    320000   0.218 -0.255E+12 -0.244E+12
    321000   0.219 -0.247E+12 -0.249E+12
    322000   0.219 -0.245E+12 -0.245E+12
    323000   0.220 -0.246E+12 -0.243E+12
    324000   0.221 -0.248E+12 -0.238E+12
    325000   0.221 -0.245E+12 -0.240E+12
    326000   0.222 -0.244E+12 -0.242E+12
    327000   0.223 -0.243E+12 -0.241E+12
    328000   0.223 -0.239E+12 -0.240E+12
    329000   0.224 -0.242E+12 -0.240E+12
    330000   0.225 -0.243E+12 -0.239E+12
    331000   0.226 -0.242E+12 -0.241E+12
    332000   0.226 -0.245E+12 -0.242E+12
    333000   0.227 -0.245E+12 -0.242E+12
    334000   0.228 -0.240E+12 -0.238E+12
    335000   0.228 -0.246E+12 -0.238E+12
    336000   0.229 -0.238E+12 -0.238E+12
    337000   0.230 -0.239E+12 -0.237E+12
    338000   0.230 -0.241E+12 -0.240E+12
    339000   0.231 -0.243E+12 -0.250E+12
    340000   0.232 -0.244E+12 -0.255E+12
    341000   0.232 -0.242E+12 -0.254E+12
    342000   0.233 -0.240E+12 -0.254E+12
    343000   0.234 -0.241E+12 -0.252E+12
    344000   0.234 -0.240E+12 -0.253E+12
    345000   0.235 -0.238E+12 -0.254E+12
    346000   0.236 -0.242E+12 -0.253E+12
    347000   0.236 -0.245E+12 -0.254E+12
    348000   0.237 -0.242E+12 -0.252E+12
    349000   0.238 -0.241E+12 -0.252E+12
    350000   0.238 -0.243E+12 -0.253E+12
    351000   0.239 -0.241E+12 -0.254E+12
    352000   0.240 -0.250E+12 -0.254E+12
    353000   0.240 -0.242E+12 -0.253E+12
    354000   0.241 -0.242E+12 -0.253E+12
    355000   0.242 -0.243E+12 -0.250E+12
    356000   0.243 -0.246E+12 -0.249E+12
    357000   0.243 -0.244E+12 -0.247E+12
    358000   0.244 -0.244E+12 -0.248E+12
    359000   0.245 -0.245E+12 -0.250E+12
    360000   0.245 -0.248E+12 -0.245E+12
    361000   0.246 -0.245E+12 -0.254E+12
    362000   0.247 -0.244E+12 -0.235E+12
    363000   0.247 -0.244E+12 -0.240E+12
    364000   0.248 -0.246E+12 -0.240E+12
    365000   0.249 -0.254E+12 -0.242E+12
    366000   0.249 -0.238E+12 -0.240E+12
    367000   0.250 -0.244E+12 -0.243E+12
    368000   0.251 -0.244E+12 -0.244E+12
    369000   0.251 -0.246E+12 -0.246E+12
    370000   0.252 -0.247E+12 -0.242E+12
    371000   0.253 -0.249E+12 -0.244E+12
    372000   0.253 -0.250E+12 -0.244E+12
    373000   0.254 -0.248E+12 -0.248E+12
    374000   0.255 -0.247E+12 -0.243E+12
    375000   0.255 -0.252E+12 -0.242E+12
    376000   0.256 -0.251E+12 -0.242E+12
    377000   0.257 -0.251E+12 -0.240E+12
    378000   0.258 -0.249E+12 -0.239E+12
    379000   0.258 -0.249E+12 -0.242E+12
    380000   0.259 -0.246E+12 -0.245E+12
    381000   0.260 -0.245E+12 -0.249E+12
    382000   0.260 -0.246E+12 -0.249E+12
    383000   0.261 -0.253E+12 -0.249E+12
    384000   0.262 -0.256E+12 -0.247E+12
    385000   0.262 -0.257E+12 -0.248E+12
    386000   0.263 -0.259E+12 -0.245E+12
    387000   0.264 -0.254E+12 -0.245E+12
    388000   0.264 -0.254E+12 -0.247E+12
    389000   0.265 -0.253E+12 -0.246E+12
    390000   0.266 -0.252E+12 -0.245E+12
    391000   0.266 -0.254E+12 -0.247E+12
    392000   0.267 -0.253E+12 -0.249E+12
    393000   0.268 -0.255E+12 -0.249E+12
    394000   0.268 -0.259E+12 -0.248E+12
    395000   0.269 -0.259E+12 -0.252E+12
    396000   0.270 -0.258E+12 -0.258E+12
    397000   0.270 -0.259E+12 -0.258E+12
    398000   0.271 -0.258E+12 -0.256E+12
    399000   0.272 -0.257E+12 -0.256E+12
    400000   0.273 -0.257E+12 -0.251E+12
    401000   0.273 -0.257E+12 -0.252E+12
    402000   0.274 -0.256E+12 -0.253E+12
    403000   0.275 -0.258E+12 -0.261E+12
    404000   0.275 -0.258E+12 -0.251E+12
    405000   0.276 -0.257E+12 -0.254E+12
    406000   0.277 -0.256E+12 -0.253E+12
    407000   0.277 -0.258E+12 -0.250E+12
    408000   0.278 -0.257E+12 -0.252E+12
    409000   0.279 -0.256E+12 -0.252E+12
    410000   0.279 -0.259E+12 -0.253E+12
    411000   0.280 -0.268E+12 -0.269E+12
    412000   0.281 -0.286E+12 -0.283E+12
    413000   0.281 -0.291E+12 -0.279E+12
    414000   0.282 -0.273E+12 -0.260E+12
    415000   0.283 -0.268E+12 -0.258E+12
    416000   0.283 -0.262E+12 -0.257E+12
    417000   0.284 -0.261E+12 -0.254E+12
    418000   0.285 -0.257E+12 -0.251E+12
    419000   0.285 -0.257E+12 -0.251E+12
    420000   0.286 -0.255E+12 -0.249E+12
    421000   0.287 -0.253E+12 -0.258E+12
    422000   0.288 -0.250E+12 -0.247E+12
    423000   0.288 -0.247E+12 -0.242E+12
    424000   0.289 -0.251E+12 -0.248E+12
    425000   0.290 -0.243E+12 -0.242E+12
    426000   0.290 -0.243E+12 -0.240E+12
    427000   0.291 -0.243E+12 -0.240E+12
    428000   0.292 -0.242E+12 -0.238E+12
    429000   0.292 -0.239E+12 -0.237E+12
    430000   0.293 -0.238E+12 -0.235E+12
    431000   0.294 -0.238E+12 -0.236E+12
    432000   0.294 -0.237E+12 -0.234E+12
    433000   0.295 -0.237E+12 -0.235E+12
    434000   0.296 -0.238E+12 -0.235E+12
    435000   0.296 -0.242E+12 -0.253E+12
    436000   0.297 -0.243E+12 -0.237E+12
    437000   0.298 -0.243E+12 -0.233E+12
    438000   0.298 -0.244E+12 -0.235E+12
    439000   0.299 -0.240E+12 -0.236E+12
    440000   0.300 -0.239E+12 -0.235E+12
    441000   0.300 -0.239E+12 -0.232E+12
    442000   0.301 -0.239E+12 -0.235E+12
    443000   0.302 -0.239E+12 -0.235E+12
    444000   0.302 -0.238E+12 -0.235E+12
    445000   0.303 -0.235E+12 -0.235E+12
    446000   0.304 -0.237E+12 -0.235E+12
    447000   0.305 -0.238E+12 -0.238E+12
    448000   0.305 -0.245E+12 -0.236E+12
    449000   0.306 -0.241E+12 -0.234E+12
    450000   0.307 -0.238E+12 -0.236E+12
    451000   0.307 -0.242E+12 -0.239E+12
    452000   0.308 -0.244E+12 -0.240E+12
    453000   0.309 -0.247E+12 -0.239E+12
    454000   0.309 -0.244E+12 -0.239E+12
    455000   0.310 -0.240E+12 -0.242E+12
    456000   0.311 -0.241E+12 -0.238E+12
    457000   0.311 -0.246E+12 -0.238E+12
    458000   0.312 -0.242E+12 -0.240E+12
    459000   0.313 -0.241E+12 -0.237E+12
    460000   0.313 -0.241E+12 -0.239E+12
    461000   0.314 -0.243E+12 -0.240E+12
    462000   0.315 -0.244E+12 -0.239E+12
    463000   0.315 -0.244E+12 -0.241E+12
    464000   0.316 -0.243E+12 -0.244E+12
    465000   0.317 -0.246E+12 -0.241E+12
    466000   0.317 -0.257E+12 -0.244E+12
    467000   0.318 -0.246E+12 -0.271E+12
    468000   0.319 -0.255E+12 -0.248E+12
    469000   0.320 -0.250E+12 -0.249E+12
    470000   0.320 -0.276E+12 -0.249E+12
    471000   0.321 -0.276E+12 -0.250E+12
    472000   0.322 -0.266E+12 -0.256E+12
    473000   0.322 -0.268E+12 -0.263E+12
    474000   0.323 -0.257E+12 -0.280E+12
    475000   0.324 -0.247E+12 -0.270E+12
    476000   0.324 -0.251E+12 -0.259E+12
    477000   0.325 -0.258E+12 -0.250E+12
    478000   0.326 -0.255E+12 -0.248E+12
    479000   0.326 -0.249E+12 -0.251E+12
    480000   0.327 -0.249E+12 -0.249E+12
    481000   0.328 -0.252E+12 -0.250E+12
    482000   0.328 -0.257E+12 -0.252E+12
    483000   0.329 -0.255E+12 -0.250E+12
    484000   0.330 -0.256E+12 -0.250E+12
    485000   0.330 -0.257E+12 -0.254E+12
    486000   0.331 -0.255E+12 -0.266E+12
    487000   0.332 -0.259E+12 -0.252E+12
    488000   0.332 -0.263E+12 -0.250E+12
    489000   0.333 -0.269E+12 -0.248E+12
    490000   0.334 -0.262E+12 -0.263E+12
    491000   0.335 -0.264E+12 -0.278E+12
    492000   0.335 -0.263E+12 -0.268E+12
    493000   0.336 -0.265E+12 -0.264E+12
    494000   0.337 -0.257E+12 -0.264E+12
    495000   0.337 -0.262E+12 -0.267E+12
    496000   0.338 -0.260E+12 -0.271E+12
    497000   0.339 -0.256E+12 -0.266E+12
    498000   0.339 -0.259E+12 -0.259E+12
    499000   0.340 -0.258E+12 -0.251E+12
    500000   0.341 -0.255E+12 -0.251E+12
    501000   0.341 -0.254E+12 -0.250E+12
    502000   0.342 -0.253E+12 -0.252E+12
    503000   0.343 -0.252E+12 -0.251E+12
    504000   0.343 -0.252E+12 -0.252E+12
    505000   0.344 -0.253E+12 -0.252E+12
    506000   0.345 -0.255E+12 -0.254E+12
    507000   0.345 -0.255E+12 -0.254E+12
    508000   0.346 -0.256E+12 -0.253E+12
    509000   0.347 -0.259E+12 -0.255E+12
    510000   0.347 -0.258E+12 -0.256E+12
    511000   0.348 -0.258E+12 -0.255E+12
    512000   0.349 -0.259E+12 -0.257E+12
    513000   0.349 -0.262E+12 -0.262E+12
    514000   0.350 -0.320E+12 -0.323E+12
    515000   0.351 -0.259E+12 -0.265E+12
    516000   0.352 -0.248E+12 -0.251E+12
    517000   0.352 -0.253E+12 -0.255E+12
    518000   0.353 -0.247E+12 -0.247E+12
    519000   0.354 -0.241E+12 -0.247E+12
    520000   0.354 -0.241E+12 -0.242E+12
    521000   0.355 -0.242E+12 -0.239E+12
    522000   0.356 -0.236E+12 -0.239E+12
    523000   0.356 -0.237E+12 -0.238E+12
    524000   0.357 -0.237E+12 -0.238E+12
    525000   0.358 -0.247E+12 -0.248E+12
    526000   0.358 -0.236E+12 -0.235E+12
    527000   0.359 -0.236E+12 -0.237E+12
    528000   0.360 -0.231E+12 -0.236E+12
    529000   0.360 -0.229E+12 -0.234E+12
    530000   0.361 -0.229E+12 -0.234E+12
    531000   0.362 -0.229E+12 -0.234E+12
    532000   0.362 -0.228E+12 -0.233E+12
    533000   0.363 -0.228E+12 -0.233E+12
    534000   0.364 -0.229E+12 -0.232E+12
    535000   0.364 -0.229E+12 -0.232E+12
    536000   0.365 -0.230E+12 -0.229E+12
    537000   0.366 -0.229E+12 -0.231E+12
    538000   0.367 -0.231E+12 -0.234E+12
    539000   0.367 -0.237E+12 -0.234E+12
    540000   0.368 -0.237E+12 -0.234E+12
    541000   0.369 -0.235E+12 -0.235E+12
    542000   0.369 -0.235E+12 -0.236E+12
    543000   0.370 -0.236E+12 -0.236E+12
    544000   0.371 -0.235E+12 -0.236E+12
    545000   0.371 -0.234E+12 -0.235E+12
    546000   0.372 -0.235E+12 -0.237E+12
    547000   0.373 -0.234E+12 -0.235E+12
    548000   0.373 -0.235E+12 -0.235E+12
    549000   0.374 -0.234E+12 -0.235E+12
    550000   0.375 -0.234E+12 -0.235E+12
    551000   0.375 -0.236E+12 -0.235E+12
    552000   0.376 -0.235E+12 -0.234E+12
    553000   0.377 -0.237E+12 -0.235E+12
    554000   0.377 -0.241E+12 -0.238E+12
    555000   0.378 -0.244E+12 -0.239E+12
    556000   0.379 -0.241E+12 -0.241E+12
    557000   0.379 -0.241E+12 -0.243E+12
    558000   0.380 -0.242E+12 -0.244E+12
    559000   0.381 -0.245E+12 -0.242E+12
    560000   0.382 -0.244E+12 -0.240E+12
    561000   0.382 -0.240E+12 -0.241E+12
    562000   0.383 -0.244E+12 -0.248E+12
    563000   0.384 -0.251E+12 -0.250E+12
    564000   0.384 -0.257E+12 -0.248E+12
    565000   0.385 -0.255E+12 -0.247E+12
    566000   0.386 -0.251E+12 -0.247E+12
    567000   0.386 -0.246E+12 -0.249E+12
    568000   0.387 -0.244E+12 -0.249E+12
    569000   0.388 -0.244E+12 -0.246E+12
    570000   0.388 -0.245E+12 -0.248E+12
    571000   0.389 -0.247E+12 -0.247E+12
    572000   0.390 -0.248E+12 -0.247E+12
    573000   0.390 -0.250E+12 -0.250E+12
    574000   0.391 -0.252E+12 -0.251E+12
    575000   0.392 -0.254E+12 -0.251E+12
    576000   0.392 -0.256E+12 -0.250E+12
    577000   0.393 -0.256E+12 -0.250E+12
    578000   0.394 -0.258E+12 -0.250E+12
    579000   0.394 -0.253E+12 -0.253E+12
    580000   0.395 -0.259E+12 -0.263E+12
    581000   0.396 -0.260E+12 -0.277E+12
    582000   0.397 -0.266E+12 -0.270E+12
    583000   0.397 -0.279E+12 -0.271E+12
    584000   0.398 -0.272E+12 -0.259E+12
    585000   0.399 -0.271E+12 -0.260E+12
    586000   0.399 -0.278E+12 -0.255E+12
    587000   0.400 -0.270E+12 -0.260E+12
    588000   0.401 -0.269E+12 -0.271E+12
    589000   0.401 -0.267E+12 -0.285E+12
    590000   0.402 -0.271E+12 -0.302E+12
    591000   0.403 -0.284E+12 -0.302E+12
    592000   0.403 -0.298E+12 -0.284E+12
    593000   0.404 -0.304E+12 -0.280E+12
    594000   0.405 -0.283E+12 -0.272E+12
    595000   0.405 -0.277E+12 -0.265E+12
    596000   0.406 -0.276E+12 -0.268E+12
    597000   0.407 -0.265E+12 -0.269E+12
    598000   0.407 -0.264E+12 -0.264E+12
    599000   0.408 -0.260E+12 -0.266E+12
    600000   0.409 -0.258E+12 -0.258E+12
    601000   0.409 -0.259E+12 -0.263E+12
    602000   0.410 -0.254E+12 -0.258E+12
    603000   0.411 -0.260E+12 -0.258E+12
    604000   0.411 -0.259E+12 -0.257E+12
    605000   0.412 -0.266E+12 -0.261E+12
    606000   0.413 -0.263E+12 -0.268E+12
    607000   0.414 -0.266E+12 -0.274E+12
    608000   0.414 -0.269E+12 -0.276E+12
    609000   0.415 -0.265E+12 -0.280E+12
    610000   0.416 -0.268E+12 -0.280E+12
    611000   0.416 -0.274E+12 -0.273E+12
    612000   0.417 -0.277E+12 -0.281E+12
    613000   0.418 -0.277E+12 -0.285E+12
    614000   0.418 -0.278E+12 -0.282E+12
    615000   0.419 -0.279E+12 -0.278E+12
    616000   0.420 -0.277E+12 -0.278E+12
    617000   0.420 -0.276E+12 -0.277E+12
    618000   0.421 -0.260E+12 -0.262E+12
    619000   0.422 -0.249E+12 -0.254E+12
    620000   0.422 -0.245E+12 -0.247E+12
    621000   0.423 -0.245E+12 -0.244E+12
    622000   0.424 -0.245E+12 -0.242E+12
    623000   0.424 -0.246E+12 -0.244E+12
    624000   0.425 -0.245E+12 -0.241E+12
    625000   0.426 -0.256E+12 -0.257E+12
    626000   0.426 -0.246E+12 -0.245E+12
    627000   0.427 -0.244E+12 -0.243E+12
    628000   0.428 -0.242E+12 -0.241E+12
    629000   0.429 -0.241E+12 -0.240E+12
    630000   0.429 -0.241E+12 -0.239E+12
    631000   0.430 -0.239E+12 -0.237E+12
    632000   0.431 -0.239E+12 -0.236E+12
    633000   0.431 -0.238E+12 -0.235E+12
    634000   0.432 -0.240E+12 -0.238E+12
    635000   0.433 -0.237E+12 -0.234E+12
    636000   0.433 -0.235E+12 -0.234E+12
    637000   0.434 -0.234E+12 -0.233E+12
    638000   0.435 -0.234E+12 -0.232E+12
    639000   0.435 -0.234E+12 -0.232E+12
    640000   0.436 -0.234E+12 -0.232E+12
    641000   0.437 -0.234E+12 -0.232E+12
    642000   0.437 -0.234E+12 -0.232E+12
    643000   0.438 -0.234E+12 -0.232E+12
    644000   0.439 -0.234E+12 -0.232E+12
    645000   0.439 -0.235E+12 -0.232E+12
    646000   0.440 -0.235E+12 -0.232E+12
    647000   0.441 -0.239E+12 -0.237E+12
    648000   0.441 -0.240E+12 -0.236E+12
    649000   0.442 -0.242E+12 -0.239E+12
    650000   0.443 -0.239E+12 -0.237E+12
    651000   0.444 -0.239E+12 -0.238E+12
    652000   0.444 -0.239E+12 -0.238E+12
    653000   0.445 -0.239E+12 -0.236E+12
    654000   0.446 -0.238E+12 -0.235E+12
    655000   0.446 -0.238E+12 -0.236E+12
    656000   0.447 -0.237E+12 -0.236E+12
    657000   0.448 -0.238E+12 -0.235E+12
    658000   0.448 -0.238E+12 -0.236E+12
    659000   0.449 -0.239E+12 -0.237E+12
    660000   0.450 -0.239E+12 -0.238E+12
    661000   0.450 -0.241E+12 -0.243E+12
    662000   0.451 -0.240E+12 -0.239E+12
    663000   0.452 -0.240E+12 -0.239E+12
    664000   0.452 -0.240E+12 -0.240E+12
    665000   0.453 -0.242E+12 -0.239E+12
    666000   0.454 -0.241E+12 -0.239E+12
    667000   0.454 -0.239E+12 -0.237E+12
    668000   0.455 -0.238E+12 -0.237E+12
    669000   0.456 -0.238E+12 -0.238E+12
    670000   0.456 -0.240E+12 -0.238E+12
    671000   0.457 -0.239E+12 -0.239E+12
    672000   0.458 -0.241E+12 -0.238E+12
    673000   0.459 -0.240E+12 -0.239E+12
    674000   0.459 -0.242E+12 -0.240E+12
    675000   0.460 -0.243E+12 -0.242E+12
    676000   0.461 -0.245E+12 -0.244E+12
    677000   0.461 -0.246E+12 -0.245E+12
    678000   0.462 -0.247E+12 -0.246E+12
    679000   0.463 -0.248E+12 -0.247E+12
    680000   0.463 -0.248E+12 -0.246E+12
    681000   0.464 -0.247E+12 -0.244E+12
    682000   0.465 -0.248E+12 -0.245E+12
    683000   0.465 -0.248E+12 -0.247E+12
    684000   0.466 -0.248E+12 -0.245E+12
    685000   0.467 -0.247E+12 -0.245E+12
    686000   0.467 -0.247E+12 -0.246E+12
    687000   0.468 -0.248E+12 -0.246E+12
    688000   0.469 -0.248E+12 -0.247E+12
    689000   0.469 -0.249E+12 -0.247E+12
    690000   0.470 -0.249E+12 -0.247E+12
    691000   0.471 -0.248E+12 -0.247E+12
    692000   0.471 -0.250E+12 -0.248E+12
    693000   0.472 -0.251E+12 -0.247E+12
    694000   0.473 -0.250E+12 -0.249E+12
    695000   0.473 -0.250E+12 -0.247E+12
    696000   0.474 -0.248E+12 -0.248E+12
    697000   0.475 -0.250E+12 -0.249E+12
    698000   0.476 -0.250E+12 -0.249E+12
    699000   0.476 -0.250E+12 -0.249E+12
    700000   0.477 -0.252E+12 -0.250E+12
    701000   0.478 -0.252E+12 -0.250E+12
    702000   0.478 -0.254E+12 -0.253E+12
    703000   0.479 -0.255E+12 -0.253E+12
    704000   0.480 -0.254E+12 -0.253E+12
    705000   0.480 -0.254E+12 -0.254E+12
    706000   0.481 -0.255E+12 -0.254E+12
    707000   0.482 -0.255E+12 -0.254E+12
    708000   0.482 -0.255E+12 -0.254E+12
    709000   0.483 -0.256E+12 -0.255E+12
    710000   0.484 -0.255E+12 -0.255E+12
    711000   0.484 -0.255E+12 -0.256E+12
    712000   0.485 -0.255E+12 -0.256E+12
    713000   0.486 -0.257E+12 -0.257E+12
    714000   0.486 -0.258E+12 -0.258E+12
    715000   0.487 -0.256E+12 -0.256E+12
    716000   0.488 -0.256E+12 -0.257E+12
    717000   0.488 -0.257E+12 -0.258E+12
    718000   0.489 -0.257E+12 -0.259E+12
    719000   0.490 -0.261E+12 -0.258E+12
    720000   0.491 -0.290E+12 -0.277E+12
    721000   0.491 -0.266E+12 -0.260E+12
    722000   0.492 -0.265E+12 -0.261E+12
    723000   0.493 -0.264E+12 -0.260E+12
    724000   0.493 -0.257E+12 -0.255E+12
    725000   0.494 -0.253E+12 -0.254E+12
    726000   0.495 -0.251E+12 -0.252E+12
    727000   0.495 -0.251E+12 -0.252E+12
    728000   0.496 -0.249E+12 -0.249E+12
    729000   0.497 -0.252E+12 -0.248E+12
    730000   0.497 -0.249E+12 -0.247E+12
    731000   0.498 -0.246E+12 -0.247E+12
    732000   0.499 -0.245E+12 -0.246E+12
    733000   0.499 -0.244E+12 -0.245E+12
    734000   0.500 -0.243E+12 -0.245E+12
    735000   0.501 -0.242E+12 -0.243E+12
    736000   0.501 -0.242E+12 -0.243E+12
    737000   0.502 -0.241E+12 -0.242E+12
    738000   0.503 -0.240E+12 -0.242E+12
    739000   0.503 -0.238E+12 -0.240E+12
    740000   0.504 -0.238E+12 -0.241E+12
    741000   0.505 -0.236E+12 -0.249E+12
    742000   0.506 -0.235E+12 -0.242E+12
    743000   0.506 -0.237E+12 -0.239E+12
    744000   0.507 -0.237E+12 -0.240E+12
    745000   0.508 -0.237E+12 -0.240E+12
    746000   0.508 -0.236E+12 -0.238E+12
    747000   0.509 -0.236E+12 -0.238E+12
    748000   0.510 -0.236E+12 -0.239E+12
    749000   0.510 -0.240E+12 -0.244E+12
    750000   0.511 -0.242E+12 -0.251E+12
    751000   0.512 -0.244E+12 -0.249E+12
    752000   0.512 -0.245E+12 -0.251E+12
    753000   0.513 -0.246E+12 -0.254E+12
    754000   0.514 -0.246E+12 -0.250E+12
    755000   0.514 -0.247E+12 -0.254E+12
    756000   0.515 -0.245E+12 -0.251E+12
    757000   0.516 -0.245E+12 -0.254E+12
    758000   0.516 -0.247E+12 -0.254E+12
    759000   0.517 -0.247E+12 -0.253E+12
    760000   0.518 -0.246E+12 -0.253E+12
    761000   0.518 -0.247E+12 -0.254E+12
    762000   0.519 -0.247E+12 -0.255E+12
    763000   0.520 -0.247E+12 -0.256E+12
    764000   0.521 -0.249E+12 -0.256E+12
    765000   0.521 -0.248E+12 -0.256E+12
    766000   0.522 -0.248E+12 -0.259E+12
    767000   0.523 -0.248E+12 -0.258E+12
    768000   0.523 -0.250E+12 -0.259E+12
    769000   0.524 -0.249E+12 -0.262E+12
    770000   0.525 -0.250E+12 -0.263E+12
    771000   0.525 -0.249E+12 -0.263E+12
    772000   0.526 -0.250E+12 -0.265E+12
    773000   0.527 -0.252E+12 -0.269E+12
    774000   0.527 -0.254E+12 -0.262E+12
    775000   0.528 -0.251E+12 -0.269E+12
    776000   0.529 -0.252E+12 -0.279E+12
    777000   0.529 -0.256E+12 -0.274E+12
    778000   0.530 -0.257E+12 -0.275E+12
    779000   0.531 -0.262E+12 -0.276E+12
    780000   0.531 -0.262E+12 -0.280E+12
    781000   0.532 -0.264E+12 -0.287E+12
    782000   0.533 -0.267E+12 -0.287E+12
    783000   0.533 -0.261E+12 -0.290E+12
    784000   0.534 -0.260E+12 -0.286E+12
    785000   0.535 -0.263E+12 -0.278E+12
    786000   0.535 -0.256E+12 -0.276E+12
    787000   0.536 -0.254E+12 -0.275E+12
    788000   0.537 -0.254E+12 -0.270E+12
    789000   0.538 -0.253E+12 -0.271E+12
    790000   0.538 -0.255E+12 -0.268E+12
    791000   0.539 -0.253E+12 -0.267E+12
    792000   0.540 -0.253E+12 -0.270E+12
    793000   0.540 -0.253E+12 -0.270E+12
    794000   0.541 -0.253E+12 -0.268E+12
    795000   0.542 -0.254E+12 -0.267E+12
    796000   0.542 -0.255E+12 -0.268E+12
    797000   0.543 -0.256E+12 -0.268E+12
    798000   0.544 -0.257E+12 -0.270E+12
    799000   0.544 -0.256E+12 -0.269E+12
    800000   0.545 -0.256E+12 -0.269E+12
    801000   0.546 -0.257E+12 -0.269E+12
    802000   0.546 -0.259E+12 -0.269E+12
    803000   0.547 -0.260E+12 -0.270E+12
    804000   0.548 -0.260E+12 -0.270E+12
    805000   0.548 -0.263E+12 -0.272E+12
    806000   0.549 -0.264E+12 -0.273E+12
    807000   0.550 -0.263E+12 -0.273E+12
    808000   0.550 -0.263E+12 -0.272E+12
    809000   0.551 -0.263E+12 -0.272E+12
    810000   0.552 -0.264E+12 -0.272E+12
    811000   0.553 -0.265E+12 -0.272E+12
    812000   0.553 -0.265E+12 -0.272E+12
    813000   0.554 -0.265E+12 -0.272E+12
    814000   0.555 -0.265E+12 -0.272E+12
    815000   0.555 -0.266E+12 -0.272E+12
    816000   0.556 -0.266E+12 -0.272E+12
    817000   0.557 -0.269E+12 -0.274E+12
    818000   0.557 -0.268E+12 -0.275E+12
    819000   0.558 -0.266E+12 -0.272E+12
    820000   0.559 -0.267E+12 -0.272E+12
    821000   0.559 -0.267E+12 -0.273E+12
    822000   0.560 -0.354E+12 -0.351E+12
    823000   0.561 -0.286E+12 -0.286E+12
    824000   0.561 -0.275E+12 -0.285E+12
    825000   0.562 -0.272E+12 -0.275E+12
    826000   0.563 -0.269E+12 -0.275E+12
    827000   0.563 -0.272E+12 -0.276E+12
    828000   0.564 -0.264E+12 -0.272E+12
    829000   0.565 -0.264E+12 -0.267E+12
    830000   0.565 -0.262E+12 -0.270E+12
    831000   0.566 -0.261E+12 -0.267E+12
    832000   0.567 -0.269E+12 -0.272E+12
    833000   0.568 -0.260E+12 -0.264E+12
    834000   0.568 -0.257E+12 -0.264E+12
    835000   0.569 -0.256E+12 -0.262E+12
    836000   0.570 -0.255E+12 -0.260E+12
    837000   0.570 -0.253E+12 -0.259E+12
    838000   0.571 -0.251E+12 -0.258E+12
    839000   0.572 -0.252E+12 -0.257E+12
    840000   0.572 -0.253E+12 -0.256E+12
    841000   0.573 -0.251E+12 -0.254E+12
    842000   0.574 -0.250E+12 -0.254E+12
    843000   0.574 -0.252E+12 -0.254E+12
    844000   0.575 -0.250E+12 -0.252E+12
    845000   0.576 -0.246E+12 -0.251E+12
    846000   0.576 -0.245E+12 -0.250E+12
    847000   0.577 -0.255E+12 -0.257E+12
    848000   0.578 -0.253E+12 -0.257E+12
    849000   0.578 -0.255E+12 -0.257E+12
    850000   0.579 -0.255E+12 -0.260E+12
    851000   0.580 -0.255E+12 -0.260E+12
    852000   0.580 -0.256E+12 -0.263E+12
    853000   0.581 -0.257E+12 -0.263E+12
    854000   0.582 -0.258E+12 -0.264E+12
    855000   0.582 -0.260E+12 -0.264E+12
    856000   0.583 -0.261E+12 -0.266E+12
    857000   0.584 -0.259E+12 -0.266E+12
    858000   0.585 -0.260E+12 -0.264E+12
    859000   0.585 -0.262E+12 -0.267E+12
    860000   0.586 -0.262E+12 -0.264E+12
    861000   0.587 -0.263E+12 -0.264E+12
    862000   0.587 -0.261E+12 -0.265E+12
    863000   0.588 -0.262E+12 -0.265E+12
    864000   0.589 -0.262E+12 -0.265E+12
    865000   0.589 -0.263E+12 -0.269E+12
    866000   0.590 -0.264E+12 -0.269E+12
    867000   0.591 -0.265E+12 -0.269E+12
    868000   0.591 -0.264E+12 -0.268E+12
    869000   0.592 -0.267E+12 -0.268E+12
    870000   0.593 -0.265E+12 -0.274E+12
    871000   0.593 -0.268E+12 -0.276E+12
    872000   0.594 -0.271E+12 -0.277E+12
    873000   0.595 -0.274E+12 -0.283E+12
    874000   0.595 -0.272E+12 -0.293E+12
    875000   0.596 -0.275E+12 -0.284E+12
    876000   0.597 -0.271E+12 -0.293E+12
    877000   0.597 -0.276E+12 -0.299E+12
    878000   0.598 -0.288E+12 -0.287E+12
    879000   0.599 -0.300E+12 -0.303E+12
    880000   0.600 -0.296E+12 -0.311E+12
    881000   0.600 -0.307E+12 -0.308E+12
    882000   0.601 -0.302E+12 -0.305E+12
    883000   0.602 -0.294E+12 -0.291E+12
    884000   0.602 -0.288E+12 -0.283E+12
    885000   0.603 -0.281E+12 -0.279E+12
    886000   0.604 -0.275E+12 -0.276E+12
    887000   0.604 -0.276E+12 -0.269E+12
    888000   0.605 -0.274E+12 -0.268E+12
    889000   0.606 -0.273E+12 -0.269E+12
    890000   0.606 -0.275E+12 -0.270E+12
    891000   0.607 -0.282E+12 -0.269E+12
    892000   0.608 -0.273E+12 -0.268E+12
    893000   0.608 -0.276E+12 -0.271E+12
    894000   0.609 -0.273E+12 -0.277E+12
    895000   0.610 -0.283E+12 -0.281E+12
    896000   0.610 -0.291E+12 -0.284E+12
    897000   0.611 -0.296E+12 -0.288E+12
    898000   0.612 -0.295E+12 -0.286E+12
    899000   0.612 -0.293E+12 -0.290E+12
    900000   0.613 -0.290E+12 -0.287E+12
    901000   0.614 -0.292E+12 -0.284E+12
    902000   0.615 -0.285E+12 -0.284E+12
    903000   0.615 -0.289E+12 -0.280E+12
    904000   0.616 -0.287E+12 -0.281E+12
    905000   0.617 -0.287E+12 -0.282E+12
    906000   0.617 -0.292E+12 -0.280E+12
    907000   0.618 -0.291E+12 -0.286E+12
    908000   0.619 -0.290E+12 -0.297E+12
    909000   0.619 -0.291E+12 -0.276E+12
    910000   0.620 -0.289E+12 -0.282E+12
    911000   0.621 -0.290E+12 -0.277E+12
    912000   0.621 -0.287E+12 -0.282E+12
    913000   0.622 -0.288E+12 -0.280E+12
    914000   0.623 -0.290E+12 -0.282E+12
    915000   0.623 -0.291E+12 -0.283E+12
    916000   0.624 -0.292E+12 -0.280E+12
    917000   0.625 -0.290E+12 -0.282E+12
    918000   0.625 -0.288E+12 -0.280E+12
    919000   0.626 -0.287E+12 -0.280E+12
    920000   0.627 -0.287E+12 -0.282E+12
    921000   0.627 -0.288E+12 -0.280E+12
    922000   0.628 -0.286E+12 -0.280E+12
    923000   0.629 -0.289E+12 -0.286E+12
    924000   0.630 -0.287E+12 -0.283E+12
    925000   0.630 -0.294E+12 -0.283E+12
    926000   0.631 -0.283E+12 -0.277E+12
    927000   0.632 -0.282E+12 -0.275E+12
    928000   0.632 -0.283E+12 -0.276E+12
    929000   0.633 -0.278E+12 -0.276E+12
    930000   0.634 -0.278E+12 -0.272E+12
    931000   0.634 -0.279E+12 -0.275E+12
    932000   0.635 -0.277E+12 -0.274E+12
    933000   0.636 -0.276E+12 -0.272E+12
    934000   0.636 -0.278E+12 -0.273E+12
    935000   0.637 -0.278E+12 -0.273E+12
    936000   0.638 -0.274E+12 -0.266E+12
    937000   0.638 -0.274E+12 -0.268E+12
    938000   0.639 -0.273E+12 -0.269E+12
    939000   0.640 -0.273E+12 -0.267E+12
    940000   0.640 -0.270E+12 -0.266E+12
    941000   0.641 -0.270E+12 -0.269E+12
    942000   0.642 -0.270E+12 -0.264E+12
    943000   0.642 -0.269E+12 -0.266E+12
    944000   0.643 -0.268E+12 -0.267E+12
    945000   0.644 -0.267E+12 -0.264E+12
    946000   0.644 -0.266E+12 -0.265E+12
    947000   0.645 -0.265E+12 -0.262E+12
    948000   0.646 -0.263E+12 -0.260E+12
    949000   0.647 -0.263E+12 -0.261E+12
    950000   0.647 -0.263E+12 -0.261E+12
    951000   0.648 -0.263E+12 -0.262E+12
    952000   0.649 -0.263E+12 -0.262E+12
    953000   0.649 -0.265E+12 -0.264E+12
    954000   0.650 -0.265E+12 -0.263E+12
    955000   0.651 -0.265E+12 -0.265E+12
    956000   0.651 -0.267E+12 -0.265E+12
    957000   0.652 -0.267E+12 -0.269E+12
    958000   0.653 -0.268E+12 -0.266E+12
    959000   0.653 -0.269E+12 -0.270E+12
    960000   0.654 -0.269E+12 -0.269E+12
    961000   0.655 -0.269E+12 -0.268E+12
    962000   0.655 -0.270E+12 -0.269E+12
    963000   0.656 -0.267E+12 -0.267E+12
    964000   0.657 -0.267E+12 -0.268E+12
    965000   0.657 -0.267E+12 -0.269E+12
    966000   0.658 -0.271E+12 -0.269E+12
    967000   0.659 -0.270E+12 -0.273E+12
    968000   0.659 -0.267E+12 -0.272E+12
    969000   0.660 -0.269E+12 -0.270E+12
    970000   0.661 -0.269E+12 -0.271E+12
    971000   0.662 -0.273E+12 -0.272E+12
    972000   0.662 -0.270E+12 -0.280E+12
    973000   0.663 -0.269E+12 -0.282E+12
    974000   0.664 -0.271E+12 -0.283E+12
    975000   0.664 -0.274E+12 -0.281E+12
    976000   0.665 -0.277E+12 -0.292E+12
    977000   0.666 -0.282E+12 -0.292E+12
    978000   0.666 -0.293E+12 -0.284E+12
    979000   0.667 -0.306E+12 -0.297E+12
    980000   0.668 -0.305E+12 -0.321E+12
    981000   0.668 -0.297E+12 -0.343E+12
    982000   0.669 -0.286E+12 -0.323E+12
    983000   0.670 -0.289E+12 -0.315E+12
    984000   0.670 -0.286E+12 -0.290E+12
    985000   0.671 -0.281E+12 -0.278E+12
    986000   0.672 -0.281E+12 -0.276E+12
    987000   0.672 -0.275E+12 -0.277E+12
    988000   0.673 -0.275E+12 -0.276E+12
    989000   0.674 -0.272E+12 -0.279E+12
    990000   0.674 -0.275E+12 -0.278E+12
    991000   0.675 -0.276E+12 -0.279E+12
    992000   0.676 -0.276E+12 -0.283E+12
    993000   0.677 -0.275E+12 -0.284E+12
    994000   0.677 -0.277E+12 -0.289E+12
    995000   0.678 -0.277E+12 -0.290E+12
    996000   0.679 -0.283E+12 -0.298E+12
    997000   0.679 -0.299E+12 -0.309E+12
    998000   0.680 -0.308E+12 -0.314E+12
    999000   0.681 -0.308E+12 -0.319E+12
   1000000   0.681 -0.305E+12 -0.322E+12
   1001000   0.682 -0.310E+12 -0.310E+12
   1002000   0.683 -0.301E+12 -0.309E+12
   1003000   0.683 -0.294E+12 -0.311E+12
   1004000   0.684 -0.284E+12 -0.303E+12
   1005000   0.685 -0.282E+12 -0.297E+12
   1006000   0.685 -0.275E+12 -0.300E+12
   1007000   0.686 -0.272E+12 -0.292E+12
   1008000   0.687 -0.266E+12 -0.290E+12
   1009000   0.687 -0.270E+12 -0.292E+12
   1010000   0.688 -0.269E+12 -0.289E+12
   1011000   0.689 -0.270E+12 -0.286E+12
   1012000   0.689 -0.271E+12 -0.297E+12
   1013000   0.690 -0.268E+12 -0.287E+12
   1014000   0.691 -0.274E+12 -0.289E+12
   1015000   0.692 -0.284E+12 -0.297E+12
   1016000   0.692 -0.295E+12 -0.311E+12
   1017000   0.693 -0.298E+12 -0.316E+12
   1018000   0.694 -0.301E+12 -0.312E+12
   1019000   0.694 -0.309E+12 -0.321E+12
   1020000   0.695 -0.295E+12 -0.310E+12
   1021000   0.696 -0.298E+12 -0.306E+12
   1022000   0.696 -0.291E+12 -0.301E+12
   1023000   0.697 -0.290E+12 -0.297E+12
   1024000   0.698 -0.287E+12 -0.297E+12
   1025000   0.698 -0.286E+12 -0.295E+12
   1026000   0.699 -0.282E+12 -0.293E+12
   1027000   0.700 -0.280E+12 -0.294E+12
   1028000   0.700 -0.285E+12 -0.290E+12
   1029000   0.701 -0.276E+12 -0.287E+12
   1030000   0.702 -0.270E+12 -0.274E+12
   1031000   0.702 -0.270E+12 -0.270E+12
   1032000   0.703 -0.266E+12 -0.267E+12
   1033000   0.704 -0.267E+12 -0.267E+12
   1034000   0.704 -0.267E+12 -0.270E+12
   1035000   0.705 -0.268E+12 -0.267E+12
   1036000   0.706 -0.268E+12 -0.266E+12
   1037000   0.706 -0.264E+12 -0.281E+12
   1038000   0.707 -0.262E+12 -0.264E+12
   1039000   0.708 -0.261E+12 -0.265E+12
   1040000   0.709 -0.270E+12 -0.269E+12
   1041000   0.709 -0.265E+12 -0.264E+12
   1042000   0.710 -0.261E+12 -0.266E+12
   1043000   0.711 -0.260E+12 -0.264E+12
   1044000   0.711 -0.265E+12 -0.262E+12
   1045000   0.712 -0.262E+12 -0.264E+12
   1046000   0.713 -0.262E+12 -0.265E+12
   1047000   0.713 -0.261E+12 -0.264E+12
   1048000   0.714 -0.259E+12 -0.268E+12
   1049000   0.715 -0.259E+12 -0.263E+12
   1050000   0.715 -0.258E+12 -0.265E+12
   1051000   0.716 -0.258E+12 -0.261E+12
   1052000   0.717 -0.258E+12 -0.261E+12
   1053000   0.717 -0.257E+12 -0.261E+12
   1054000   0.718 -0.257E+12 -0.262E+12
   1055000   0.719 -0.258E+12 -0.263E+12
   1056000   0.719 -0.258E+12 -0.260E+12
   1057000   0.720 -0.259E+12 -0.264E+12
   1058000   0.721 -0.259E+12 -0.265E+12
   1059000   0.721 -0.261E+12 -0.266E+12
   1060000   0.722 -0.261E+12 -0.268E+12
   1061000   0.723 -0.262E+12 -0.267E+12
   1062000   0.724 -0.262E+12 -0.268E+12
   1063000   0.724 -0.261E+12 -0.268E+12
   1064000   0.725 -0.261E+12 -0.267E+12
   1065000   0.726 -0.262E+12 -0.270E+12
   1066000   0.726 -0.262E+12 -0.268E+12
   1067000   0.727 -0.263E+12 -0.269E+12
   1068000   0.728 -0.262E+12 -0.268E+12
   1069000   0.728 -0.263E+12 -0.270E+12
   1070000   0.729 -0.264E+12 -0.271E+12
   1071000   0.730 -0.266E+12 -0.272E+12
   1072000   0.730 -0.266E+12 -0.273E+12
   1073000   0.731 -0.266E+12 -0.273E+12
   1074000   0.732 -0.266E+12 -0.272E+12
   1075000   0.732 -0.268E+12 -0.274E+12
   1076000   0.733 -0.268E+12 -0.277E+12
   1077000   0.734 -0.270E+12 -0.282E+12
   1078000   0.734 -0.267E+12 -0.281E+12
   1079000   0.735 -0.267E+12 -0.281E+12
   1080000   0.736 -0.269E+12 -0.283E+12
   1081000   0.736 -0.275E+12 -0.289E+12
   1082000   0.737 -0.279E+12 -0.299E+12
   1083000   0.738 -0.275E+12 -0.303E+12
   1084000   0.739 -0.273E+12 -0.296E+12
   1085000   0.739 -0.271E+12 -0.292E+12
   1086000   0.740 -0.270E+12 -0.284E+12
   1087000   0.741 -0.271E+12 -0.280E+12
   1088000   0.741 -0.280E+12 -0.288E+12
   1089000   0.742 -0.287E+12 -0.280E+12
   1090000   0.743 -0.288E+12 -0.282E+12
   1091000   0.743 -0.287E+12 -0.282E+12
   1092000   0.744 -0.285E+12 -0.284E+12
   1093000   0.745 -0.283E+12 -0.286E+12
   1094000   0.745 -0.279E+12 -0.284E+12
   1095000   0.746 -0.276E+12 -0.290E+12
   1096000   0.747 -0.276E+12 -0.291E+12
   1097000   0.747 -0.278E+12 -0.299E+12
   1098000   0.748 -0.279E+12 -0.318E+12
   1099000   0.749 -0.279E+12 -0.328E+12
   1100000   0.749 -0.286E+12 -0.316E+12
   1101000   0.750 -0.292E+12 -0.321E+12
   1102000   0.751 -0.305E+12 -0.316E+12
   1103000   0.751 -0.327E+12 -0.316E+12
   1104000   0.752 -0.322E+12 -0.310E+12
   1105000   0.753 -0.311E+12 -0.312E+12
   1106000   0.754 -0.303E+12 -0.300E+12
   1107000   0.754 -0.290E+12 -0.302E+12
   1108000   0.755 -0.290E+12 -0.295E+12
   1109000   0.756 -0.283E+12 -0.298E+12
   1110000   0.756 -0.284E+12 -0.298E+12
   1111000   0.757 -0.280E+12 -0.304E+12
   1112000   0.758 -0.284E+12 -0.306E+12
   1113000   0.758 -0.281E+12 -0.307E+12
   1114000   0.759 -0.286E+12 -0.295E+12
   1115000   0.760 -0.287E+12 -0.302E+12
   1116000   0.760 -0.287E+12 -0.296E+12
   1117000   0.761 -0.294E+12 -0.293E+12
   1118000   0.762 -0.290E+12 -0.288E+12
   1119000   0.762 -0.292E+12 -0.291E+12
   1120000   0.763 -0.293E+12 -0.288E+12
   1121000   0.764 -0.292E+12 -0.290E+12
   1122000   0.764 -0.293E+12 -0.297E+12
   1123000   0.765 -0.298E+12 -0.304E+12
   1124000   0.766 -0.310E+12 -0.315E+12
   1125000   0.766 -0.317E+12 -0.310E+12
   1126000   0.767 -0.318E+12 -0.307E+12
   1127000   0.768 -0.320E+12 -0.322E+12
   1128000   0.768 -0.308E+12 -0.318E+12
   1129000   0.769 -0.314E+12 -0.334E+12
   1130000   0.770 -0.340E+12 -0.357E+12
   1131000   0.771 -0.305E+12 -0.292E+12
   1132000   0.771 -0.295E+12 -0.283E+12
   1133000   0.772 -0.288E+12 -0.279E+12
   1134000   0.773 -0.278E+12 -0.277E+12
   1135000   0.773 -0.277E+12 -0.277E+12
   1136000   0.774 -0.280E+12 -0.278E+12
   1137000   0.775 -0.280E+12 -0.277E+12
   1138000   0.775 -0.275E+12 -0.275E+12
   1139000   0.776 -0.278E+12 -0.273E+12
   1140000   0.777 -0.274E+12 -0.275E+12
   1141000   0.777 -0.273E+12 -0.273E+12
   1142000   0.778 -0.274E+12 -0.275E+12
   1143000   0.779 -0.277E+12 -0.278E+12
   1144000   0.779 -0.280E+12 -0.277E+12
   1145000   0.780 -0.277E+12 -0.278E+12
   1146000   0.781 -0.276E+12 -0.276E+12
   1147000   0.781 -0.275E+12 -0.275E+12
   1148000   0.782 -0.274E+12 -0.276E+12
   1149000   0.783 -0.272E+12 -0.276E+12
   1150000   0.783 -0.273E+12 -0.274E+12
   1151000   0.784 -0.273E+12 -0.275E+12
   1152000   0.785 -0.271E+12 -0.271E+12
   1153000   0.786 -0.270E+12 -0.270E+12
   1154000   0.786 -0.271E+12 -0.281E+12
   1155000   0.787 -0.271E+12 -0.274E+12
   1156000   0.788 -0.270E+12 -0.271E+12
   1157000   0.788 -0.271E+12 -0.272E+12
   1158000   0.789 -0.272E+12 -0.272E+12
   1159000   0.790 -0.272E+12 -0.273E+12
   1160000   0.790 -0.273E+12 -0.274E+12
   1161000   0.791 -0.274E+12 -0.274E+12
   1162000   0.792 -0.273E+12 -0.275E+12
   1163000   0.792 -0.274E+12 -0.274E+12
   1164000   0.793 -0.274E+12 -0.273E+12
   1165000   0.794 -0.273E+12 -0.272E+12
   1166000   0.794 -0.272E+12 -0.272E+12
   1167000   0.795 -0.271E+12 -0.272E+12
   1168000   0.796 -0.272E+12 -0.271E+12
   1169000   0.796 -0.272E+12 -0.271E+12
   1170000   0.797 -0.272E+12 -0.271E+12
   1171000   0.798 -0.274E+12 -0.273E+12
   1172000   0.798 -0.273E+12 -0.273E+12
   1173000   0.799 -0.273E+12 -0.273E+12
   1174000   0.800 -0.275E+12 -0.274E+12
   1175000   0.801 -0.275E+12 -0.275E+12
   1176000   0.801 -0.277E+12 -0.275E+12
   1177000   0.802 -0.276E+12 -0.273E+12
   1178000   0.803 -0.278E+12 -0.274E+12
   1179000   0.803 -0.278E+12 -0.275E+12
   1180000   0.804 -0.276E+12 -0.273E+12
   1181000   0.805 -0.274E+12 -0.272E+12
   1182000   0.805 -0.274E+12 -0.272E+12
   1183000   0.806 -0.275E+12 -0.273E+12
   1184000   0.807 -0.275E+12 -0.273E+12
   1185000   0.807 -0.275E+12 -0.274E+12
   1186000   0.808 -0.276E+12 -0.274E+12
   1187000   0.809 -0.278E+12 -0.276E+12
   1188000   0.809 -0.278E+12 -0.277E+12
   1189000   0.810 -0.280E+12 -0.279E+12
   1190000   0.811 -0.281E+12 -0.279E+12
   1191000   0.811 -0.281E+12 -0.281E+12
   1192000   0.812 -0.282E+12 -0.303E+12
   1193000   0.813 -0.283E+12 -0.281E+12
   1194000   0.813 -0.282E+12 -0.285E+12
   1195000   0.814 -0.280E+12 -0.281E+12
   1196000   0.815 -0.279E+12 -0.280E+12
   1197000   0.815 -0.280E+12 -0.280E+12
   1198000   0.816 -0.280E+12 -0.281E+12
   1199000   0.817 -0.281E+12 -0.281E+12
   1200000   0.818 -0.281E+12 -0.282E+12
   1201000   0.818 -0.281E+12 -0.282E+12
   1202000   0.819 -0.281E+12 -0.282E+12
   1203000   0.820 -0.281E+12 -0.283E+12
   1204000   0.820 -0.282E+12 -0.283E+12
   1205000   0.821 -0.282E+12 -0.284E+12
   1206000   0.822 -0.281E+12 -0.283E+12
   1207000   0.822 -0.281E+12 -0.283E+12
   1208000   0.823 -0.282E+12 -0.283E+12
   1209000   0.824 -0.279E+12 -0.282E+12
   1210000   0.824 -0.280E+12 -0.283E+12
   1211000   0.825 -0.283E+12 -0.283E+12
   1212000   0.826 -0.283E+12 -0.285E+12
   1213000   0.826 -0.284E+12 -0.285E+12
   1214000   0.827 -0.284E+12 -0.285E+12
   1215000   0.828 -0.285E+12 -0.286E+12
   1216000   0.828 -0.285E+12 -0.285E+12
   1217000   0.829 -0.285E+12 -0.286E+12
   1218000   0.830 -0.286E+12 -0.286E+12
   1219000   0.830 -0.286E+12 -0.287E+12
   1220000   0.831 -0.287E+12 -0.291E+12
   1221000   0.832 -0.287E+12 -0.289E+12
   1222000   0.833 -0.289E+12 -0.288E+12
   1223000   0.833 -0.314E+12 -0.293E+12
   1224000   0.834 -0.291E+12 -0.291E+12
   1225000   0.835 -0.298E+12 -0.291E+12
   1226000   0.835 -0.291E+12 -0.295E+12
   1227000   0.836 -0.303E+12 -0.305E+12
   1228000   0.837 -0.295E+12 -0.296E+12
   1229000   0.837 -0.295E+12 -0.298E+12
   1230000   0.838 -0.294E+12 -0.294E+12
   1231000   0.839 -0.292E+12 -0.292E+12
   1232000   0.839 -0.294E+12 -0.293E+12
   1233000   0.840 -0.336E+12 -0.316E+12
   1234000   0.841 -0.300E+12 -0.284E+12
   1235000   0.841 -0.292E+12 -0.274E+12
   1236000   0.842 -0.290E+12 -0.271E+12
   1237000   0.843 -0.312E+12 -0.280E+12
   1238000   0.843 -0.298E+12 -0.270E+12
   1239000   0.844 -0.294E+12 -0.277E+12
   1240000   0.845 -0.300E+12 -0.279E+12
   1241000   0.845 -0.294E+12 -0.271E+12
   1242000   0.846 -0.290E+12 -0.272E+12
   1243000   0.847 -0.285E+12 -0.268E+12
   1244000   0.848 -0.283E+12 -0.271E+12
   1245000   0.848 -0.283E+12 -0.271E+12
   1246000   0.849 -0.282E+12 -0.267E+12
   1247000   0.850 -0.284E+12 -0.303E+12
   1248000   0.850 -0.283E+12 -0.275E+12
   1249000   0.851 -0.283E+12 -0.268E+12
   1250000   0.852 -0.284E+12 -0.267E+12
   1251000   0.852 -0.285E+12 -0.263E+12
   1252000   0.853 -0.283E+12 -0.264E+12
   1253000   0.854 -0.280E+12 -0.263E+12
   1254000   0.854 -0.278E+12 -0.265E+12
   1255000   0.855 -0.281E+12 -0.262E+12
   1256000   0.856 -0.277E+12 -0.259E+12
   1257000   0.856 -0.276E+12 -0.258E+12
   1258000   0.857 -0.274E+12 -0.258E+12
   1259000   0.858 -0.273E+12 -0.257E+12
   1260000   0.858 -0.272E+12 -0.255E+12
   1261000   0.859 -0.272E+12 -0.256E+12
   1262000   0.860 -0.273E+12 -0.255E+12
   1263000   0.860 -0.276E+12 -0.256E+12
   1264000   0.861 -0.276E+12 -0.261E+12
   1265000   0.862 -0.277E+12 -0.263E+12
   1266000   0.863 -0.279E+12 -0.263E+12
   1267000   0.863 -0.279E+12 -0.264E+12
   1268000   0.864 -0.279E+12 -0.263E+12
   1269000   0.865 -0.277E+12 -0.259E+12
   1270000   0.865 -0.277E+12 -0.259E+12
   1271000   0.866 -0.277E+12 -0.259E+12
   1272000   0.867 -0.277E+12 -0.258E+12
   1273000   0.867 -0.277E+12 -0.258E+12
   1274000   0.868 -0.278E+12 -0.260E+12
   1275000   0.869 -0.278E+12 -0.259E+12
   1276000   0.869 -0.278E+12 -0.261E+12
   1277000   0.870 -0.279E+12 -0.261E+12
   1278000   0.871 -0.281E+12 -0.262E+12
   1279000   0.871 -0.280E+12 -0.263E+12
   1280000   0.872 -0.281E+12 -0.264E+12
   1281000   0.873 -0.283E+12 -0.265E+12
   1282000   0.873 -0.282E+12 -0.266E+12
   1283000   0.874 -0.283E+12 -0.264E+12
   1284000   0.875 -0.283E+12 -0.267E+12
   1285000   0.875 -0.282E+12 -0.274E+12
   1286000   0.876 -0.287E+12 -0.280E+12
   1287000   0.877 -0.297E+12 -0.272E+12
   1288000   0.877 -0.293E+12 -0.274E+12
   1289000   0.878 -0.289E+12 -0.269E+12
   1290000   0.879 -0.287E+12 -0.271E+12
   1291000   0.880 -0.289E+12 -0.263E+12
   1292000   0.880 -0.286E+12 -0.266E+12
   1293000   0.881 -0.291E+12 -0.264E+12
   1294000   0.882 -0.288E+12 -0.267E+12
   1295000   0.882 -0.290E+12 -0.269E+12
   1296000   0.883 -0.288E+12 -0.274E+12
   1297000   0.884 -0.291E+12 -0.276E+12
   1298000   0.884 -0.289E+12 -0.278E+12
   1299000   0.885 -0.292E+12 -0.279E+12
   1300000   0.886 -0.291E+12 -0.278E+12
   1301000   0.886 -0.291E+12 -0.274E+12
   1302000   0.887 -0.290E+12 -0.274E+12
   1303000   0.888 -0.288E+12 -0.271E+12
   1304000   0.888 -0.289E+12 -0.269E+12
   1305000   0.889 -0.287E+12 -0.269E+12
   1306000   0.890 -0.289E+12 -0.269E+12
   1307000   0.890 -0.291E+12 -0.270E+12
   1308000   0.891 -0.290E+12 -0.270E+12
   1309000   0.892 -0.290E+12 -0.271E+12
   1310000   0.892 -0.291E+12 -0.270E+12
   1311000   0.893 -0.291E+12 -0.271E+12
   1312000   0.894 -0.291E+12 -0.271E+12
   1313000   0.895 -0.289E+12 -0.270E+12
   1314000   0.895 -0.290E+12 -0.271E+12
   1315000   0.896 -0.292E+12 -0.272E+12
   1316000   0.897 -0.293E+12 -0.274E+12
   1317000   0.897 -0.293E+12 -0.273E+12
   1318000   0.898 -0.293E+12 -0.273E+12
   1319000   0.899 -0.294E+12 -0.274E+12
   1320000   0.899 -0.293E+12 -0.273E+12
   1321000   0.900 -0.295E+12 -0.274E+12
   1322000   0.901 -0.293E+12 -0.274E+12
   1323000   0.901 -0.294E+12 -0.274E+12
   1324000   0.902 -0.295E+12 -0.275E+12
   1325000   0.903 -0.295E+12 -0.275E+12
   1326000   0.903 -0.297E+12 -0.277E+12
   1327000   0.904 -0.296E+12 -0.277E+12
   1328000   0.905 -0.295E+12 -0.276E+12
   1329000   0.905 -0.297E+12 -0.277E+12
   1330000   0.906 -0.300E+12 -0.279E+12
   1331000   0.907 -0.297E+12 -0.277E+12
   1332000   0.907 -0.297E+12 -0.277E+12
   1333000   0.908 -0.296E+12 -0.276E+12
   1334000   0.909 -0.300E+12 -0.275E+12
   1335000   0.910 -0.298E+12 -0.275E+12
   1336000   0.910 -0.305E+12 -0.303E+12
   1337000   0.911 -0.305E+12 -0.304E+12
   1338000   0.912 -0.286E+12 -0.287E+12
   1339000   0.912 -0.283E+12 -0.280E+12
   1340000   0.913 -0.284E+12 -0.278E+12
   1341000   0.914 -0.281E+12 -0.278E+12
   1342000   0.914 -0.281E+12 -0.276E+12
   1343000   0.915 -0.289E+12 -0.283E+12
   1344000   0.916 -0.281E+12 -0.277E+12
   1345000   0.916 -0.278E+12 -0.282E+12
   1346000   0.917 -0.277E+12 -0.274E+12
   1347000   0.918 -0.276E+12 -0.272E+12
   1348000   0.918 -0.277E+12 -0.272E+12
   1349000   0.919 -0.276E+12 -0.270E+12
   1350000   0.920 -0.275E+12 -0.268E+12
   1351000   0.920 -0.275E+12 -0.269E+12
   1352000   0.921 -0.275E+12 -0.270E+12
   1353000   0.922 -0.276E+12 -0.270E+12
   1354000   0.922 -0.274E+12 -0.269E+12
   1355000   0.923 -0.272E+12 -0.268E+12
   1356000   0.924 -0.272E+12 -0.268E+12
   1357000   0.925 -0.271E+12 -0.267E+12
   1358000   0.925 -0.269E+12 -0.267E+12
   1359000   0.926 -0.270E+12 -0.265E+12
   1360000   0.927 -0.267E+12 -0.262E+12
   1361000   0.927 -0.265E+12 -0.261E+12
   1362000   0.928 -0.264E+12 -0.258E+12
   1363000   0.929 -0.265E+12 -0.258E+12
   1364000   0.929 -0.262E+12 -0.258E+12
   1365000   0.930 -0.262E+12 -0.257E+12
   1366000   0.931 -0.263E+12 -0.259E+12
   1367000   0.931 -0.262E+12 -0.260E+12
   1368000   0.932 -0.271E+12 -0.265E+12
   1369000   0.933 -0.270E+12 -0.267E+12
   1370000   0.933 -0.271E+12 -0.269E+12
   1371000   0.934 -0.270E+12 -0.269E+12
   1372000   0.935 -0.268E+12 -0.268E+12
   1373000   0.935 -0.270E+12 -0.268E+12
   1374000   0.936 -0.274E+12 -0.268E+12
   1375000   0.937 -0.271E+12 -0.266E+12
   1376000   0.937 -0.270E+12 -0.266E+12
   1377000   0.938 -0.271E+12 -0.267E+12
   1378000   0.939 -0.270E+12 -0.266E+12
   1379000   0.939 -0.271E+12 -0.267E+12
   1380000   0.940 -0.272E+12 -0.265E+12
   1381000   0.941 -0.273E+12 -0.266E+12
   1382000   0.942 -0.272E+12 -0.272E+12
   1383000   0.942 -0.275E+12 -0.269E+12
   1384000   0.943 -0.276E+12 -0.268E+12
   1385000   0.944 -0.275E+12 -0.273E+12
   1386000   0.944 -0.275E+12 -0.274E+12
   1387000   0.945 -0.277E+12 -0.278E+12
   1388000   0.946 -0.276E+12 -0.289E+12
   1389000   0.946 -0.276E+12 -0.288E+12
   1390000   0.947 -0.282E+12 -0.285E+12
   1391000   0.948 -0.280E+12 -0.283E+12
   1392000   0.948 -0.286E+12 -0.281E+12
   1393000   0.949 -0.297E+12 -0.297E+12
   1394000   0.950 -0.295E+12 -0.316E+12
   1395000   0.950 -0.313E+12 -0.301E+12
   1396000   0.951 -0.298E+12 -0.301E+12
   1397000   0.952 -0.299E+12 -0.294E+12
   1398000   0.952 -0.286E+12 -0.299E+12
   1399000   0.953 -0.289E+12 -0.289E+12
   1400000   0.954 -0.289E+12 -0.289E+12
   1401000   0.954 -0.293E+12 -0.288E+12
   1402000   0.955 -0.293E+12 -0.286E+12
   1403000   0.956 -0.287E+12 -0.287E+12
   1404000   0.957 -0.284E+12 -0.294E+12
   1405000   0.957 -0.284E+12 -0.285E+12
   1406000   0.958 -0.282E+12 -0.276E+12
   1407000   0.959 -0.282E+12 -0.281E+12
   1408000   0.959 -0.284E+12 -0.279E+12
   1409000   0.960 -0.287E+12 -0.279E+12
   1410000   0.961 -0.288E+12 -0.281E+12
   1411000   0.961 -0.287E+12 -0.283E+12
   1412000   0.962 -0.287E+12 -0.287E+12
   1413000   0.963 -0.286E+12 -0.292E+12
   1414000   0.963 -0.285E+12 -0.287E+12
   1415000   0.964 -0.285E+12 -0.306E+12
   1416000   0.965 -0.282E+12 -0.273E+12
   1417000   0.965 -0.277E+12 -0.281E+12
   1418000   0.966 -0.283E+12 -0.274E+12
   1419000   0.967 -0.283E+12 -0.278E+12
   1420000   0.967 -0.285E+12 -0.279E+12
   1421000   0.968 -0.285E+12 -0.275E+12
   1422000   0.969 -0.285E+12 -0.278E+12
   1423000   0.969 -0.284E+12 -0.278E+12
   1424000   0.970 -0.282E+12 -0.284E+12
   1425000   0.971 -0.285E+12 -0.276E+12
   1426000   0.972 -0.285E+12 -0.278E+12
   1427000   0.972 -0.282E+12 -0.276E+12
   1428000   0.973 -0.286E+12 -0.280E+12
   1429000   0.974 -0.285E+12 -0.280E+12
   1430000   0.974 -0.283E+12 -0.281E+12
   1431000   0.975 -0.281E+12 -0.282E+12
   1432000   0.976 -0.282E+12 -0.280E+12
   1433000   0.976 -0.285E+12 -0.280E+12
   1434000   0.977 -0.282E+12 -0.278E+12
   1435000   0.978 -0.282E+12 -0.278E+12
   1436000   0.978 -0.280E+12 -0.277E+12
   1437000   0.979 -0.281E+12 -0.276E+12
   1438000   0.980 -0.287E+12 -0.284E+12
   1439000   0.980 -0.295E+12 -0.291E+12
   1440000   0.981 -0.280E+12 -0.276E+12
   1441000   0.982 -0.272E+12 -0.269E+12
   1442000   0.982 -0.282E+12 -0.275E+12
   1443000   0.983 -0.273E+12 -0.262E+12
   1444000   0.984 -0.271E+12 -0.263E+12
   1445000   0.984 -0.271E+12 -0.266E+12
   1446000   0.985 -0.268E+12 -0.267E+12
   1447000   0.986 -0.269E+12 -0.260E+12
   1448000   0.987 -0.265E+12 -0.256E+12
   1449000   0.987 -0.263E+12 -0.256E+12
   1450000   0.988 -0.262E+12 -0.256E+12
   1451000   0.989 -0.261E+12 -0.262E+12
   1452000   0.989 -0.262E+12 -0.257E+12
   1453000   0.990 -0.261E+12 -0.254E+12
   1454000   0.991 -0.260E+12 -0.253E+12
   1455000   0.991 -0.260E+12 -0.253E+12
   1456000   0.992 -0.260E+12 -0.253E+12
   1457000   0.993 -0.260E+12 -0.254E+12
   1458000   0.993 -0.261E+12 -0.254E+12
   1459000   0.994 -0.259E+12 -0.253E+12
   1460000   0.995 -0.260E+12 -0.260E+12
   1461000   0.995 -0.258E+12 -0.255E+12
   1462000   0.996 -0.256E+12 -0.254E+12
   1463000   0.997 -0.256E+12 -0.254E+12
   1464000   0.997 -0.253E+12 -0.250E+12
   1465000   0.998 -0.252E+12 -0.249E+12
   1466000   0.999 -0.251E+12 -0.248E+12
   1467000   0.999 -0.252E+12 -0.251E+12
   1468000   1.000 -0.254E+12 -0.249E+12
   1469000   1.001 -0.251E+12 -0.249E+12
   1470000   1.001 -0.252E+12 -0.249E+12
   1471000   1.002 -0.253E+12 -0.251E+12
   1472000   1.003 -0.261E+12 -0.256E+12
   1473000   1.004 -0.261E+12 -0.258E+12
   1474000   1.004 -0.263E+12 -0.265E+12
   1475000   1.005 -0.263E+12 -0.262E+12
   1476000   1.006 -0.262E+12 -0.262E+12
   1477000   1.006 -0.262E+12 -0.261E+12
   1478000   1.007 -0.264E+12 -0.261E+12
   1479000   1.008 -0.264E+12 -0.261E+12
   1480000   1.008 -0.262E+12 -0.260E+12
   1481000   1.009 -0.264E+12 -0.260E+12
   1482000   1.010 -0.263E+12 -0.260E+12
   1483000   1.010 -0.264E+12 -0.261E+12
   1484000   1.011 -0.266E+12 -0.262E+12
   1485000   1.012 -0.268E+12 -0.264E+12
   1486000   1.012 -0.267E+12 -0.270E+12
   1487000   1.013 -0.270E+12 -0.263E+12
   1488000   1.014 -0.269E+12 -0.266E+12
   1489000   1.014 -0.275E+12 -0.267E+12
   1490000   1.015 -0.272E+12 -0.269E+12
   1491000   1.016 -0.273E+12 -0.272E+12
   1492000   1.016 -0.271E+12 -0.269E+12
   1493000   1.017 -0.269E+12 -0.270E+12
   1494000   1.018 -0.270E+12 -0.267E+12
   1495000   1.019 -0.269E+12 -0.266E+12
   1496000   1.019 -0.271E+12 -0.267E+12
   1497000   1.020 -0.273E+12 -0.263E+12
   1498000   1.021 -0.275E+12 -0.277E+12
   1499000   1.021 -0.289E+12 -0.291E+12
   1500000   1.022 -0.312E+12 -0.302E+12
   1501000   1.023 -0.314E+12 -0.316E+12
   1502000   1.023 -0.320E+12 -0.318E+12
   1503000   1.024 -0.308E+12 -0.309E+12
   1504000   1.025 -0.298E+12 -0.288E+12
   1505000   1.025 -0.288E+12 -0.284E+12
   1506000   1.026 -0.286E+12 -0.280E+12
   1507000   1.027 -0.278E+12 -0.276E+12
   1508000   1.027 -0.273E+12 -0.272E+12
   1509000   1.028 -0.279E+12 -0.284E+12
   1510000   1.029 -0.275E+12 -0.271E+12
   1511000   1.029 -0.275E+12 -0.272E+12
   1512000   1.030 -0.276E+12 -0.275E+12
   1513000   1.031 -0.277E+12 -0.274E+12
   1514000   1.031 -0.277E+12 -0.275E+12
   1515000   1.032 -0.279E+12 -0.275E+12
   1516000   1.033 -0.277E+12 -0.276E+12
   1517000   1.034 -0.278E+12 -0.283E+12
   1518000   1.034 -0.286E+12 -0.298E+12
   1519000   1.035 -0.298E+12 -0.318E+12
   1520000   1.036 -0.312E+12 -0.335E+12
   1521000   1.036 -0.305E+12 -0.325E+12
   1522000   1.037 -0.313E+12 -0.323E+12
   1523000   1.038 -0.298E+12 -0.309E+12
   1524000   1.038 -0.293E+12 -0.313E+12
   1525000   1.039 -0.286E+12 -0.297E+12
   1526000   1.040 -0.286E+12 -0.293E+12
   1527000   1.040 -0.284E+12 -0.286E+12
   1528000   1.041 -0.285E+12 -0.286E+12
   1529000   1.042 -0.287E+12 -0.287E+12
   1530000   1.042 -0.290E+12 -0.289E+12
   1531000   1.043 -0.290E+12 -0.293E+12
   1532000   1.044 -0.295E+12 -0.292E+12
   1533000   1.044 -0.304E+12 -0.291E+12
   1534000   1.045 -0.296E+12 -0.294E+12
   1535000   1.046 -0.298E+12 -0.302E+12
   1536000   1.046 -0.295E+12 -0.282E+12
   1537000   1.047 -0.290E+12 -0.285E+12
   1538000   1.048 -0.290E+12 -0.278E+12
   1539000   1.048 -0.288E+12 -0.283E+12
   1540000   1.049 -0.290E+12 -0.284E+12
   1541000   1.050 -0.341E+12 -0.356E+12
   1542000   1.051 -0.276E+12 -0.280E+12
   1543000   1.051 -0.274E+12 -0.275E+12
   1544000   1.052 -0.267E+12 -0.273E+12
   1545000   1.053 -0.260E+12 -0.275E+12
   1546000   1.053 -0.267E+12 -0.272E+12
   1547000   1.054 -0.268E+12 -0.273E+12
   1548000   1.055 -0.261E+12 -0.269E+12
   1549000   1.055 -0.255E+12 -0.263E+12
   1550000   1.056 -0.260E+12 -0.264E+12
   1551000   1.057 -0.255E+12 -0.259E+12
   1552000   1.057 -0.252E+12 -0.258E+12
   1553000   1.058 -0.253E+12 -0.260E+12
   1554000   1.059 -0.254E+12 -0.257E+12
   1555000   1.059 -0.254E+12 -0.258E+12
   1556000   1.060 -0.256E+12 -0.262E+12
   1557000   1.061 -0.252E+12 -0.258E+12
   1558000   1.061 -0.250E+12 -0.257E+12
   1559000   1.062 -0.250E+12 -0.255E+12
   1560000   1.063 -0.250E+12 -0.256E+12
   1561000   1.063 -0.251E+12 -0.256E+12
   1562000   1.064 -0.251E+12 -0.256E+12
   1563000   1.065 -0.253E+12 -0.258E+12
   1564000   1.066 -0.250E+12 -0.256E+12
   1565000   1.066 -0.250E+12 -0.255E+12
   1566000   1.067 -0.247E+12 -0.254E+12
   1567000   1.068 -0.248E+12 -0.254E+12
   1568000   1.068 -0.247E+12 -0.253E+12
   1569000   1.069 -0.247E+12 -0.250E+12
   1570000   1.070 -0.246E+12 -0.251E+12
   1571000   1.070 -0.246E+12 -0.250E+12
   1572000   1.071 -0.247E+12 -0.251E+12
   1573000   1.072 -0.247E+12 -0.253E+12
   1574000   1.072 -0.246E+12 -0.251E+12
   1575000   1.073 -0.246E+12 -0.251E+12
   1576000   1.074 -0.255E+12 -0.257E+12
   1577000   1.074 -0.255E+12 -0.259E+12
   1578000   1.075 -0.252E+12 -0.257E+12
   1579000   1.076 -0.252E+12 -0.259E+12
   1580000   1.076 -0.255E+12 -0.261E+12
   1581000   1.077 -0.256E+12 -0.259E+12
   1582000   1.078 -0.254E+12 -0.260E+12
   1583000   1.078 -0.255E+12 -0.257E+12
   1584000   1.079 -0.253E+12 -0.258E+12
   1585000   1.080 -0.255E+12 -0.260E+12
   1586000   1.081 -0.257E+12 -0.258E+12
   1587000   1.081 -0.257E+12 -0.257E+12
   1588000   1.082 -0.255E+12 -0.259E+12
   1589000   1.083 -0.259E+12 -0.261E+12
   1590000   1.083 -0.259E+12 -0.262E+12
   1591000   1.084 -0.260E+12 -0.262E+12
   1592000   1.085 -0.263E+12 -0.265E+12
   1593000   1.085 -0.262E+12 -0.264E+12
   1594000   1.086 -0.260E+12 -0.264E+12
   1595000   1.087 -0.260E+12 -0.265E+12
   1596000   1.087 -0.260E+12 -0.270E+12
   1597000   1.088 -0.262E+12 -0.298E+12
   1598000   1.089 -0.261E+12 -0.261E+12
   1599000   1.089 -0.258E+12 -0.262E+12
   1600000   1.090 -0.258E+12 -0.263E+12
   1601000   1.091 -0.259E+12 -0.265E+12
   1602000   1.091 -0.267E+12 -0.264E+12
   1603000   1.092 -0.259E+12 -0.267E+12
   1604000   1.093 -0.260E+12 -0.264E+12
   1605000   1.093 -0.259E+12 -0.263E+12
   1606000   1.094 -0.261E+12 -0.263E+12
   1607000   1.095 -0.262E+12 -0.266E+12
   1608000   1.096 -0.263E+12 -0.268E+12
   1609000   1.096 -0.264E+12 -0.268E+12
   1610000   1.097 -0.266E+12 -0.269E+12
   1611000   1.098 -0.265E+12 -0.267E+12
   1612000   1.098 -0.269E+12 -0.271E+12
   1613000   1.099 -0.270E+12 -0.273E+12
   1614000   1.100 -0.273E+12 -0.272E+12
   1615000   1.100 -0.277E+12 -0.273E+12
   1616000   1.101 -0.289E+12 -0.272E+12
   1617000   1.102 -0.306E+12 -0.272E+12
   1618000   1.102 -0.306E+12 -0.278E+12
   1619000   1.103 -0.305E+12 -0.273E+12
   1620000   1.104 -0.285E+12 -0.277E+12
   1621000   1.104 -0.280E+12 -0.289E+12
   1622000   1.105 -0.281E+12 -0.321E+12
   1623000   1.106 -0.263E+12 -0.318E+12
   1624000   1.106 -0.268E+12 -0.320E+12
   1625000   1.107 -0.271E+12 -0.290E+12
   1626000   1.108 -0.285E+12 -0.295E+12
   1627000   1.108 -0.304E+12 -0.293E+12
   1628000   1.109 -0.325E+12 -0.306E+12
   1629000   1.110 -0.353E+12 -0.324E+12
   1630000   1.110 -0.352E+12 -0.339E+12
   1631000   1.111 -0.324E+12 -0.348E+12
   1632000   1.112 -0.293E+12 -0.332E+12
   1633000   1.113 -0.291E+12 -0.301E+12
   1634000   1.113 -0.272E+12 -0.291E+12
   1635000   1.114 -0.269E+12 -0.281E+12
   1636000   1.115 -0.269E+12 -0.281E+12
   1637000   1.115 -0.266E+12 -0.284E+12
   1638000   1.116 -0.268E+12 -0.290E+12
   1639000   1.117 -0.267E+12 -0.301E+12
   1640000   1.117 -0.269E+12 -0.305E+12
   1641000   1.118 -0.269E+12 -0.292E+12
   1642000   1.119 -0.267E+12 -0.299E+12
   1643000   1.119 -0.273E+12 -0.289E+12
   1644000   1.120 -0.275E+12 -0.301E+12
   1645000   1.121 -0.263E+12 -0.284E+12
   1646000   1.121 -0.250E+12 -0.271E+12
   1647000   1.122 -0.247E+12 -0.266E+12
   1648000   1.123 -0.243E+12 -0.272E+12
   1649000   1.123 -0.242E+12 -0.265E+12
   1650000   1.124 -0.254E+12 -0.276E+12
   1651000   1.125 -0.250E+12 -0.270E+12
   1652000   1.125 -0.244E+12 -0.264E+12
   1653000   1.126 -0.243E+12 -0.263E+12
   1654000   1.127 -0.245E+12 -0.262E+12
   1655000   1.128 -0.245E+12 -0.263E+12
   1656000   1.128 -0.243E+12 -0.264E+12
   1657000   1.129 -0.242E+12 -0.265E+12
   1658000   1.130 -0.242E+12 -0.263E+12
   1659000   1.130 -0.241E+12 -0.262E+12
   1660000   1.131 -0.240E+12 -0.262E+12
   1661000   1.132 -0.241E+12 -0.262E+12
   1662000   1.132 -0.241E+12 -0.263E+12
   1663000   1.133 -0.241E+12 -0.262E+12
   1664000   1.134 -0.242E+12 -0.262E+12
   1665000   1.134 -0.243E+12 -0.263E+12
   1666000   1.135 -0.241E+12 -0.262E+12
   1667000   1.136 -0.241E+12 -0.262E+12
   1668000   1.136 -0.241E+12 -0.262E+12
   1669000   1.137 -0.236E+12 -0.259E+12
   1670000   1.138 -0.234E+12 -0.259E+12
   1671000   1.138 -0.232E+12 -0.257E+12
   1672000   1.139 -0.231E+12 -0.257E+12
   1673000   1.140 -0.234E+12 -0.257E+12
   1674000   1.140 -0.231E+12 -0.258E+12
   1675000   1.141 -0.231E+12 -0.264E+12
   1676000   1.142 -0.230E+12 -0.261E+12
   1677000   1.143 -0.231E+12 -0.259E+12
   1678000   1.143 -0.237E+12 -0.261E+12
   1679000   1.144 -0.239E+12 -0.264E+12
   1680000   1.145 -0.238E+12 -0.263E+12
   1681000   1.145 -0.239E+12 -0.265E+12
   1682000   1.146 -0.236E+12 -0.262E+12
   1683000   1.147 -0.236E+12 -0.262E+12
   1684000   1.147 -0.236E+12 -0.262E+12
   1685000   1.148 -0.237E+12 -0.272E+12
   1686000   1.149 -0.237E+12 -0.263E+12
   1687000   1.149 -0.237E+12 -0.263E+12
   1688000   1.150 -0.237E+12 -0.263E+12
   1689000   1.151 -0.238E+12 -0.263E+12
   1690000   1.151 -0.239E+12 -0.264E+12
   1691000   1.152 -0.239E+12 -0.264E+12
   1692000   1.153 -0.240E+12 -0.266E+12
   1693000   1.153 -0.240E+12 -0.266E+12
   1694000   1.154 -0.241E+12 -0.267E+12
   1695000   1.155 -0.241E+12 -0.265E+12
   1696000   1.155 -0.241E+12 -0.266E+12
   1697000   1.156 -0.240E+12 -0.266E+12
   1698000   1.157 -0.238E+12 -0.279E+12
   1699000   1.158 -0.254E+12 -0.271E+12
   1700000   1.158 -0.243E+12 -0.271E+12
   1701000   1.159 -0.246E+12 -0.266E+12
   1702000   1.160 -0.241E+12 -0.270E+12
   1703000   1.160 -0.241E+12 -0.271E+12
   1704000   1.161 -0.242E+12 -0.268E+12
   1705000   1.162 -0.241E+12 -0.269E+12
   1706000   1.162 -0.245E+12 -0.269E+12
   1707000   1.163 -0.242E+12 -0.270E+12
   1708000   1.164 -0.243E+12 -0.281E+12
   1709000   1.164 -0.244E+12 -0.277E+12
   1710000   1.165 -0.246E+12 -0.269E+12
   1711000   1.166 -0.244E+12 -0.273E+12
   1712000   1.166 -0.247E+12 -0.272E+12
   1713000   1.167 -0.246E+12 -0.272E+12
   1714000   1.168 -0.245E+12 -0.272E+12
   1715000   1.168 -0.245E+12 -0.272E+12
   1716000   1.169 -0.246E+12 -0.272E+12
   1717000   1.170 -0.243E+12 -0.271E+12
   1718000   1.170 -0.244E+12 -0.271E+12
   1719000   1.171 -0.243E+12 -0.270E+12
   1720000   1.172 -0.245E+12 -0.270E+12
   1721000   1.172 -0.246E+12 -0.270E+12
   1722000   1.173 -0.243E+12 -0.271E+12
   1723000   1.174 -0.245E+12 -0.271E+12
   1724000   1.175 -0.245E+12 -0.272E+12
   1725000   1.175 -0.246E+12 -0.273E+12
   1726000   1.176 -0.246E+12 -0.273E+12
   1727000   1.177 -0.247E+12 -0.274E+12
   1728000   1.177 -0.246E+12 -0.272E+12
   1729000   1.178 -0.246E+12 -0.273E+12
   1730000   1.179 -0.247E+12 -0.273E+12
   1731000   1.179 -0.249E+12 -0.275E+12
   1732000   1.180 -0.250E+12 -0.275E+12
   1733000   1.181 -0.251E+12 -0.276E+12
   1734000   1.181 -0.251E+12 -0.276E+12
   1735000   1.182 -0.250E+12 -0.276E+12
   1736000   1.183 -0.250E+12 -0.276E+12
   1737000   1.183 -0.251E+12 -0.277E+12
   1738000   1.184 -0.252E+12 -0.294E+12
   1739000   1.185 -0.252E+12 -0.285E+12
   1740000   1.185 -0.254E+12 -0.283E+12
   1741000   1.186 -0.252E+12 -0.279E+12
   1742000   1.187 -0.254E+12 -0.279E+12
   1743000   1.187 -0.253E+12 -0.279E+12
   1744000   1.188 -0.255E+12 -0.279E+12
   1745000   1.189 -0.252E+12 -0.278E+12
   1746000   1.190 -0.253E+12 -0.278E+12
   1747000   1.190 -0.277E+12 -0.293E+12
   1748000   1.191 -0.261E+12 -0.274E+12
   1749000   1.192 -0.263E+12 -0.276E+12
   1750000   1.192 -0.264E+12 -0.275E+12
   1751000   1.193 -0.251E+12 -0.266E+12
   1752000   1.194 -0.246E+12 -0.262E+12
   1753000   1.194 -0.260E+12 -0.272E+12
   1754000   1.195 -0.251E+12 -0.266E+12
   1755000   1.196 -0.248E+12 -0.283E+12
   1756000   1.196 -0.255E+12 -0.267E+12
   1757000   1.197 -0.248E+12 -0.266E+12
   1758000   1.198 -0.246E+12 -0.264E+12
   1759000   1.198 -0.248E+12 -0.268E+12
   1760000   1.199 -0.245E+12 -0.263E+12
   1761000   1.200 -0.243E+12 -0.263E+12
   1762000   1.200 -0.243E+12 -0.264E+12
   1763000   1.201 -0.242E+12 -0.264E+12
   1764000   1.202 -0.243E+12 -0.264E+12
   1765000   1.202 -0.244E+12 -0.263E+12
   1766000   1.203 -0.244E+12 -0.265E+12
   1767000   1.204 -0.245E+12 -0.265E+12
   1768000   1.205 -0.244E+12 -0.264E+12
   1769000   1.205 -0.243E+12 -0.264E+12
   1770000   1.206 -0.240E+12 -0.264E+12
   1771000   1.207 -0.238E+12 -0.268E+12
   1772000   1.207 -0.238E+12 -0.287E+12
   1773000   1.208 -0.241E+12 -0.267E+12
   1774000   1.209 -0.239E+12 -0.263E+12
   1775000   1.209 -0.238E+12 -0.269E+12
   1776000   1.210 -0.237E+12 -0.269E+12
   1777000   1.211 -0.237E+12 -0.266E+12
   1778000   1.211 -0.237E+12 -0.263E+12
   1779000   1.212 -0.237E+12 -0.263E+12
   1780000   1.213 -0.240E+12 -0.268E+12
   1781000   1.213 -0.243E+12 -0.269E+12
   1782000   1.214 -0.244E+12 -0.269E+12
   1783000   1.215 -0.244E+12 -0.269E+12
   1784000   1.215 -0.243E+12 -0.269E+12
   1785000   1.216 -0.243E+12 -0.269E+12
   1786000   1.217 -0.243E+12 -0.269E+12
   1787000   1.217 -0.243E+12 -0.268E+12
   1788000   1.218 -0.243E+12 -0.269E+12
   1789000   1.219 -0.244E+12 -0.269E+12
   1790000   1.219 -0.245E+12 -0.270E+12
   1791000   1.220 -0.245E+12 -0.270E+12
   1792000   1.221 -0.246E+12 -0.271E+12
   1793000   1.222 -0.247E+12 -0.271E+12
   1794000   1.222 -0.253E+12 -0.271E+12
   1795000   1.223 -0.255E+12 -0.275E+12
   1796000   1.224 -0.254E+12 -0.276E+12
   1797000   1.224 -0.254E+12 -0.281E+12
   1798000   1.225 -0.255E+12 -0.277E+12
   1799000   1.226 -0.255E+12 -0.276E+12
   1800000   1.226 -0.253E+12 -0.276E+12
   1801000   1.227 -0.251E+12 -0.274E+12
   1802000   1.228 -0.250E+12 -0.274E+12
   1803000   1.228 -0.250E+12 -0.276E+12
   1804000   1.229 -0.251E+12 -0.280E+12
   1805000   1.230 -0.253E+12 -0.282E+12
   1806000   1.230 -0.254E+12 -0.283E+12
   1807000   1.231 -0.256E+12 -0.283E+12
   1808000   1.232 -0.255E+12 -0.282E+12
   1809000   1.232 -0.255E+12 -0.279E+12
   1810000   1.233 -0.257E+12 -0.279E+12
   1811000   1.234 -0.258E+12 -0.280E+12
   1812000   1.234 -0.260E+12 -0.281E+12
   1813000   1.235 -0.260E+12 -0.282E+12
   1814000   1.236 -0.259E+12 -0.280E+12
   1815000   1.237 -0.259E+12 -0.280E+12
   1816000   1.237 -0.258E+12 -0.279E+12
   1817000   1.238 -0.256E+12 -0.278E+12
   1818000   1.239 -0.255E+12 -0.276E+12
   1819000   1.239 -0.255E+12 -0.276E+12
   1820000   1.240 -0.255E+12 -0.276E+12
   1821000   1.241 -0.262E+12 -0.278E+12
   1822000   1.241 -0.258E+12 -0.279E+12
   1823000   1.242 -0.258E+12 -0.276E+12
   1824000   1.243 -0.256E+12 -0.277E+12
   1825000   1.243 -0.255E+12 -0.278E+12
   1826000   1.244 -0.257E+12 -0.279E+12
   1827000   1.245 -0.255E+12 -0.277E+12
   1828000   1.245 -0.258E+12 -0.278E+12
   1829000   1.246 -0.256E+12 -0.276E+12
   1830000   1.247 -0.258E+12 -0.282E+12
   1831000   1.247 -0.258E+12 -0.276E+12
   1832000   1.248 -0.260E+12 -0.280E+12
   1833000   1.249 -0.261E+12 -0.279E+12
   1834000   1.249 -0.261E+12 -0.279E+12
   1835000   1.250 -0.261E+12 -0.279E+12
   1836000   1.251 -0.261E+12 -0.279E+12
   1837000   1.252 -0.260E+12 -0.279E+12
   1838000   1.252 -0.261E+12 -0.280E+12
   1839000   1.253 -0.261E+12 -0.280E+12
   1840000   1.254 -0.261E+12 -0.281E+12
   1841000   1.254 -0.261E+12 -0.281E+12
   1842000   1.255 -0.262E+12 -0.281E+12
   1843000   1.256 -0.262E+12 -0.281E+12
   1844000   1.256 -0.262E+12 -0.292E+12
   1845000   1.257 -0.265E+12 -0.285E+12
   1846000   1.258 -0.267E+12 -0.291E+12
   1847000   1.258 -0.275E+12 -0.297E+12
   1848000   1.259 -0.264E+12 -0.286E+12
   1849000   1.260 -0.338E+12 -0.358E+12
   1850000   1.260 -0.272E+12 -0.297E+12
   1851000   1.261 -0.258E+12 -0.282E+12
   1852000   1.262 -0.256E+12 -0.279E+12
   1853000   1.262 -0.255E+12 -0.279E+12
   1854000   1.263 -0.252E+12 -0.279E+12
   1855000   1.264 -0.264E+12 -0.284E+12
   1856000   1.264 -0.253E+12 -0.277E+12
   1857000   1.265 -0.252E+12 -0.275E+12
   1858000   1.266 -0.250E+12 -0.274E+12
   1859000   1.267 -0.250E+12 -0.271E+12
   1860000   1.267 -0.250E+12 -0.271E+12
   1861000   1.268 -0.250E+12 -0.270E+12
